0.00000000e+00	0.00000000e+00
1.00019000e-01	0.00000000e+00
2.00038000e-01	-3.31930000e-14
3.00056000e-01	-8.65227000e-09
4.00075000e-01	-7.15719000e-07
5.00094000e-01	-2.50031000e-05
6.00113000e-01	-3.43731000e-04
7.00132000e-01	-1.65845000e-03
8.00150000e-01	-1.28146000e-03
9.00169000e-01	5.76382000e-03
1.00019000e+00	5.57535000e-03
1.10021000e+00	-7.69457000e-03
1.20023000e+00	-5.61125000e-03
1.30024000e+00	7.65195000e-03
1.40026000e+00	3.47997000e-03
1.50028000e+00	-8.56438000e-03
1.60030000e+00	-4.87841000e-03
1.70032000e+00	7.68041000e-03
1.80034000e+00	8.24379000e-03
1.90036000e+00	-4.59299000e-03
2.00038000e+00	-1.21250000e-02
2.10039000e+00	-2.56959000e-03
2.20041000e+00	1.15833000e-02
2.30043000e+00	1.24719000e-02
2.40045000e+00	-2.03819000e-03
2.50047000e+00	-1.59321000e-02
2.60049000e+00	-1.17654000e-02
2.70051000e+00	6.32872000e-03
2.80053000e+00	1.79290000e-02
2.90055000e+00	1.10974000e-02
3.00056000e+00	-7.84683000e-03
3.10058000e+00	-2.00970000e-02
3.20060000e+00	-1.17522000e-02
3.30062000e+00	8.91210000e-03
3.40064000e+00	2.03814000e-02
3.50066000e+00	1.23564000e-02
3.60068000e+00	-6.46032000e-03
3.70070000e+00	-1.92971000e-02
3.80071000e+00	-1.57185000e-02
3.90073000e+00	1.37130000e-03
4.00075000e+00	1.78719000e-02
4.10001000e+00	1.96233000e-02
4.20003000e+00	5.57783000e-03
4.30005000e+00	-1.21605000e-02
4.40007000e+00	-2.03999000e-02
4.50009000e+00	-1.45568000e-02
4.60011000e+00	1.12291000e-03
4.70013000e+00	1.69506000e-02
4.80015000e+00	2.22004000e-02
4.90016000e+00	1.23481000e-02
5.00018000e+00	-6.23479000e-03
5.10020000e+00	-2.11966000e-02
5.20022000e+00	-2.32054000e-02
5.30024000e+00	-1.12259000e-02
5.40026000e+00	7.98346000e-03
5.50028000e+00	2.34337000e-02
5.60030000e+00	2.55537000e-02
5.70031000e+00	1.28155000e-02
5.80033000e+00	-7.55564000e-03
5.90035000e+00	-2.43970000e-02
6.00037000e+00	-2.85170000e-02
6.10039000e+00	-1.70262000e-02
6.20041000e+00	4.09826000e-03
6.30043000e+00	2.37047000e-02
6.40045000e+00	3.14042000e-02
6.50046000e+00	2.28383000e-02
6.60048000e+00	2.77644000e-03
6.70050000e+00	-1.82755000e-02
6.80052000e+00	-3.03534000e-02
6.90054000e+00	-2.88162000e-02
7.00056000e+00	-1.48063000e-02
7.10058000e+00	5.48513000e-03
7.20060000e+00	2.21807000e-02
7.30062000e+00	3.01459000e-02
7.40063000e+00	2.75278000e-02
7.50065000e+00	1.25455000e-02
7.60067000e+00	-7.45024000e-03
7.70069000e+00	-2.31430000e-02
7.80071000e+00	-3.09703000e-02
7.90073000e+00	-2.78285000e-02
8.00075000e+00	-1.36271000e-02
8.10001000e+00	5.14776000e-03
8.20003000e+00	2.12796000e-02
8.30005000e+00	2.97706000e-02
8.40006000e+00	2.85780000e-02
8.50008000e+00	1.77681000e-02
8.60010000e+00	2.47888000e-04
8.70012000e+00	-1.77669000e-02
8.80014000e+00	-2.96140000e-02
8.90016000e+00	-3.14804000e-02
9.00018000e+00	-2.34346000e-02
9.10020000e+00	-8.36087000e-03
9.20021000e+00	8.88733000e-03
9.30023000e+00	2.29749000e-02
9.40025000e+00	2.98811000e-02
9.50027000e+00	2.72237000e-02
9.60029000e+00	1.55855000e-02
9.70031000e+00	-1.02966000e-03
9.80033000e+00	-1.71011000e-02
9.90035000e+00	-2.78497000e-02
1.00004000e+01	-3.05553000e-02
1.01004000e+01	-2.51682000e-02
1.02004000e+01	-1.38574000e-02
1.03004000e+01	4.37419000e-04
1.04004000e+01	1.47636000e-02
1.05005000e+01	2.57780000e-02
1.06005000e+01	3.01898000e-02
1.07005000e+01	2.64933000e-02
1.08005000e+01	1.58035000e-02
1.09005000e+01	9.34674000e-04
1.10006000e+01	-1.44121000e-02
1.11006000e+01	-2.62216000e-02
1.12006000e+01	-3.13146000e-02
1.13006000e+01	-2.83974000e-02
1.14006000e+01	-1.82559000e-02
1.15006000e+01	-3.36748000e-03
1.16007000e+01	1.25109000e-02
1.17007000e+01	2.53445000e-02
1.18007000e+01	3.22455000e-02
1.19000000e+01	3.22243000e-02
1.20000000e+01	2.57959000e-02
1.21008000e+01	1.43415000e-02
1.22008000e+01	3.65654000e-04
1.23000000e+01	-1.32509000e-02
1.24001000e+01	-2.38233000e-02
1.25001000e+01	-2.88494000e-02
1.26001000e+01	-2.71173000e-02
1.27001000e+01	-1.89429000e-02
1.28001000e+01	-6.14349000e-03
1.29002000e+01	8.38563000e-03
1.30002000e+01	2.14558000e-02
1.31002000e+01	3.03594000e-02
1.32002000e+01	3.34396000e-02
1.33002000e+01	3.02843000e-02
1.34002000e+01	2.15608000e-02
1.35003000e+01	8.75779000e-03
1.36003000e+01	-6.00443000e-03
1.37003000e+01	-2.01430000e-02
1.38003000e+01	-3.09671000e-02
1.39003000e+01	-3.62315000e-02
1.40004000e+01	-3.47609000e-02
1.41004000e+01	-2.69028000e-02
1.42004000e+01	-1.43905000e-02
1.43004000e+01	1.85731000e-04
1.44004000e+01	1.39116000e-02
1.45005000e+01	2.42116000e-02
1.46005000e+01	2.94299000e-02
1.47005000e+01	2.89460000e-02
1.48005000e+01	2.30551000e-02
1.49005000e+01	1.28812000e-02
1.50005000e+01	1.68698000e-04
1.51006000e+01	-1.30639000e-02
1.52006000e+01	-2.47859000e-02
1.53006000e+01	-3.31388000e-02
1.54006000e+01	-3.66884000e-02
1.55006000e+01	-3.47085000e-02
1.56007000e+01	-2.73583000e-02
1.57007000e+01	-1.57068000e-02
1.58007000e+01	-1.60175000e-03
1.59000000e+01	1.25547000e-02
1.60000000e+01	2.47227000e-02
1.61000000e+01	3.29991000e-02
1.62000000e+01	3.63534000e-02
1.63000000e+01	3.45874000e-02
1.64001000e+01	2.82382000e-02
1.65001000e+01	1.84243000e-02
1.66001000e+01	6.70759000e-03
1.67001000e+01	-5.10242000e-03
1.68001000e+01	-1.52514000e-02
1.69001000e+01	-2.23263000e-02
1.70002000e+01	-2.54258000e-02
1.71002000e+01	-2.42303000e-02
1.72002000e+01	-1.89826000e-02
1.73002000e+01	-1.04125000e-02
1.74002000e+01	3.25947000e-04
1.75003000e+01	1.17166000e-02
1.76003000e+01	2.20421000e-02
1.77003000e+01	2.96666000e-02
1.78003000e+01	3.33521000e-02
1.79003000e+01	3.25071000e-02
1.80004000e+01	2.72871000e-02
1.81004000e+01	1.85135000e-02
1.82004000e+01	7.44696000e-03
1.83004000e+01	-4.48762000e-03
1.84004000e+01	-1.59173000e-02
1.85004000e+01	-2.56455000e-02
1.86005000e+01	-3.27192000e-02
1.87005000e+01	-3.64661000e-02
1.88005000e+01	-3.65205000e-02
1.89005000e+01	-3.28694000e-02
1.90005000e+01	-2.59014000e-02
1.91006000e+01	-1.64043000e-02
1.92006000e+01	-5.49796000e-03
1.93006000e+01	5.48761000e-03
1.94006000e+01	1.51864000e-02
1.95006000e+01	2.24008000e-02
1.96007000e+01	2.62813000e-02
1.97007000e+01	2.64351000e-02
1.98007000e+01	2.29621000e-02
1.99007000e+01	1.64273000e-02
2.00000000e+01	7.83988000e-03
2.01000000e+01	-1.76892000e-03
2.02008000e+01	-1.11605000e-02
2.03000000e+01	-1.89622000e-02
2.04008000e+01	-2.44357000e-02
2.05001000e+01	-2.67612000e-02
2.06001000e+01	-2.57242000e-02
2.07001000e+01	-2.13639000e-02
2.08001000e+01	-1.41100000e-02
2.09001000e+01	-4.70857000e-03
2.10002000e+01	5.85396000e-03
2.11002000e+01	1.64575000e-02
2.12002000e+01	2.59757000e-02
2.13002000e+01	3.34009000e-02
2.14002000e+01	3.79465000e-02
2.15003000e+01	3.91197000e-02
2.16003000e+01	3.67585000e-02
2.17003000e+01	3.10364000e-02
2.18003000e+01	2.24472000e-02
2.19003000e+01	1.17721000e-02
2.20003000e+01	1.62755000e-05
2.21004000e+01	-1.16938000e-02
2.22004000e+01	-2.22445000e-02
2.23004000e+01	-3.06757000e-02
2.24004000e+01	-3.62959000e-02
2.25004000e+01	-3.87385000e-02
2.26005000e+01	-3.79545000e-02
2.27005000e+01	-3.41624000e-02
2.28005000e+01	-2.77853000e-02
2.29005000e+01	-1.94048000e-02
2.30005000e+01	-9.73711000e-03
2.31006000e+01	3.82223000e-04
2.32006000e+01	1.00359000e-02
2.33006000e+01	1.83031000e-02
2.34006000e+01	2.43707000e-02
2.35006000e+01	2.76503000e-02
2.36007000e+01	2.78686000e-02
2.37007000e+01	2.51061000e-02
2.38007000e+01	1.97735000e-02
2.39007000e+01	1.25415000e-02
2.40000000e+01	4.31045000e-03
2.41000000e+01	-4.15151000e-03
2.42008000e+01	-1.19712000e-02
2.43000000e+01	-1.82308000e-02
2.44008000e+01	-2.25319000e-02
2.45001000e+01	-2.43703000e-02
2.46001000e+01	-2.36572000e-02
2.47001000e+01	-2.04276000e-02
2.48001000e+01	-1.49452000e-02
2.49001000e+01	-7.65885000e-03
2.50002000e+01	8.27339000e-04
2.51002000e+01	9.79626000e-03
2.52002000e+01	1.84714000e-02
2.53002000e+01	2.60789000e-02
2.54002000e+01	3.19145000e-02
2.55002000e+01	3.54100000e-02
2.56003000e+01	3.61894000e-02
2.57003000e+01	3.41071000e-02
2.58003000e+01	2.92616000e-02
2.59003000e+01	2.19837000e-02
2.60003000e+01	1.28034000e-02
2.61004000e+01	2.40018000e-03
2.62004000e+01	-8.45639000e-03
2.63004000e+01	-1.89693000e-02
2.64004000e+01	-2.83744000e-02
2.65004000e+01	-3.59944000e-02
2.66005000e+01	-4.12839000e-02
2.67005000e+01	-4.38650000e-02
2.68005000e+01	-4.35532000e-02
2.69005000e+01	-4.03726000e-02
2.70005000e+01	-3.45580000e-02
2.71005000e+01	-2.65403000e-02
2.72006000e+01	-1.69131000e-02
2.73006000e+01	-6.37959000e-03
2.74006000e+01	4.31233000e-03
2.75006000e+01	1.44376000e-02
2.76006000e+01	2.33505000e-02
2.77007000e+01	3.05222000e-02
2.78007000e+01	3.55612000e-02
2.79007000e+01	3.82201000e-02
2.80000000e+01	3.84075000e-02
2.81000000e+01	3.61769000e-02
2.82008000e+01	3.16772000e-02
2.83000000e+01	2.53799000e-02
2.84008000e+01	1.75731000e-02
2.85001000e+01	9.06003000e-03
2.86001000e+01	2.84045000e-04
2.87001000e+01	-8.05319000e-03
2.88001000e+01	-1.53591000e-02
2.89001000e+01	-2.11400000e-02
2.90001000e+01	-2.50434000e-02
2.91002000e+01	-2.68833000e-02
2.92002000e+01	-2.66447000e-02
2.93002000e+01	-2.44679000e-02
2.94002000e+01	-2.06193000e-02
2.95002000e+01	-1.54569000e-02
2.96003000e+01	-9.39876000e-03
2.97003000e+01	-2.89601000e-03
2.98003000e+01	3.58776000e-03
2.99003000e+01	9.59691000e-03
3.00003000e+01	1.47061000e-02
3.01004000e+01	1.85468000e-02
3.02004000e+01	2.08366000e-02
3.03004000e+01	2.14049000e-02
3.04004000e+01	2.02108000e-02
3.05004000e+01	1.73468000e-02
3.06005000e+01	1.30294000e-02
3.07005000e+01	7.57812000e-03
3.08005000e+01	1.38793000e-03
3.09005000e+01	-5.10111000e-03
3.10005000e+01	-1.14342000e-02
3.11005000e+01	-1.71709000e-02
3.12006000e+01	-2.19131000e-02
3.13006000e+01	-2.53289000e-02
3.14006000e+01	-2.71721000e-02
3.15006000e+01	-2.72949000e-02
3.16006000e+01	-2.56543000e-02
3.17007000e+01	-2.23116000e-02
3.18007000e+01	-1.74280000e-02
3.19007000e+01	-1.12561000e-02
3.20000000e+01	-4.18469000e-03
3.21000000e+01	3.50256000e-03
3.22000000e+01	1.13195000e-02
3.23008000e+01	1.88690000e-02
3.24000000e+01	2.55469000e-02
3.25001000e+01	3.11122000e-02
3.26001000e+01	3.51661000e-02
3.27001000e+01	3.74434000e-02
3.28001000e+01	3.77738000e-02
3.29001000e+01	3.60928000e-02
3.30001000e+01	3.24469000e-02
3.31002000e+01	2.69934000e-02
3.32002000e+01	1.99930000e-02
3.33002000e+01	1.17952000e-02
3.34002000e+01	2.81771000e-03
3.35002000e+01	-6.47822000e-03
3.36003000e+01	-1.56155000e-02
3.37003000e+01	-2.41286000e-02
3.38003000e+01	-3.15885000e-02
3.39003000e+01	-3.76238000e-02
3.40003000e+01	-4.19376000e-02
3.41004000e+01	-4.43184000e-02
3.42004000e+01	-4.46469000e-02
3.43004000e+01	-4.28990000e-02
3.44004000e+01	-3.91458000e-02
3.45004000e+01	-3.35497000e-02
3.46004000e+01	-2.63583000e-02
3.47005000e+01	-1.78942000e-02
3.48005000e+01	-8.54126000e-03
3.49005000e+01	1.27252000e-03
3.50005000e+01	1.10945000e-02
3.51005000e+01	2.04684000e-02
3.52006000e+01	2.89565000e-02
3.53006000e+01	3.61603000e-02
3.54006000e+01	4.17414000e-02
3.55006000e+01	4.54387000e-02
3.56006000e+01	4.70829000e-02
3.57007000e+01	4.66054000e-02
3.58007000e+01	4.40415000e-02
3.59007000e+01	3.95264000e-02
3.60007000e+01	3.32857000e-02
3.61000000e+01	2.56838000e-02
3.62000000e+01	1.69632000e-02
3.63008000e+01	7.50610000e-03
3.64000000e+01	-2.04642000e-03
3.65000000e+01	-1.14852000e-02
3.66001000e+01	-2.03263000e-02
3.67001000e+01	-2.81914000e-02
3.68001000e+01	-3.47515000e-02
3.69001000e+01	-3.97412000e-02
3.70001000e+01	-4.29682000e-02
3.71002000e+01	-4.43210000e-02
3.72002000e+01	-4.37716000e-02
3.73002000e+01	-4.13749000e-02
3.74002000e+01	-3.72653000e-02
3.75002000e+01	-3.16499000e-02
3.76003000e+01	-2.47981000e-02
3.77003000e+01	-1.70287000e-02
3.78003000e+01	-8.69401000e-03
3.79003000e+01	-1.62446000e-04
3.80003000e+01	8.19868000e-03
3.81003000e+01	1.60394000e-02
3.82004000e+01	2.30414000e-02
3.83004000e+01	2.89306000e-02
3.84004000e+01	3.34875000e-02
3.85004000e+01	3.65553000e-02
3.86004000e+01	3.80460000e-02
3.87005000e+01	3.79433000e-02
3.88005000e+01	3.63008000e-02
3.89005000e+01	3.32376000e-02
3.90005000e+01	2.89294000e-02
3.91005000e+01	2.35963000e-02
3.92006000e+01	1.74907000e-02
3.93006000e+01	1.08828000e-02
3.94006000e+01	4.04875000e-03
3.95006000e+01	-2.74027000e-03
3.96006000e+01	-9.22726000e-03
3.97006000e+01	-1.51764000e-02
3.98007000e+01	-2.03786000e-02
3.99007000e+01	-2.46570000e-02
4.00007000e+01	-2.78711000e-02
4.01000000e+01	-2.99106000e-02
4.02000000e+01	-3.07530000e-02
4.03008000e+01	-3.03649000e-02
4.04008000e+01	-2.87966000e-02
4.05000000e+01	-2.61668000e-02
4.06001000e+01	-2.25714000e-02
4.07001000e+01	-1.82000000e-02
4.08001000e+01	-1.32535000e-02
4.09001000e+01	-7.94892000e-03
4.10001000e+01	-2.50871000e-03
4.11002000e+01	2.84923000e-03
4.12002000e+01	7.92015000e-03
4.13002000e+01	1.25195000e-02
4.14002000e+01	1.64886000e-02
4.15002000e+01	1.96991000e-02
4.16002000e+01	2.20561000e-02
4.17003000e+01	2.35003000e-02
4.18003000e+01	2.40087000e-02
4.19003000e+01	2.35935000e-02
4.20003000e+01	2.23007000e-02
4.21003000e+01	2.02070000e-02
4.22004000e+01	1.74162000e-02
4.23004000e+01	1.40546000e-02
4.24004000e+01	1.02665000e-02
4.25004000e+01	6.20821000e-03
4.26004000e+01	2.04230000e-03
4.27005000e+01	-2.06913000e-03
4.28005000e+01	-5.97081000e-03
4.29005000e+01	-9.52020000e-03
4.30005000e+01	-1.25926000e-02
4.31005000e+01	-1.50853000e-02
4.32005000e+01	-1.69208000e-02
4.33006000e+01	-1.80490000e-02
4.34006000e+01	-1.84490000e-02
4.35006000e+01	-1.81300000e-02
4.36006000e+01	-1.71301000e-02
4.37006000e+01	-1.55147000e-02
4.38007000e+01	-1.33718000e-02
4.39007000e+01	-1.08070000e-02
4.40007000e+01	-7.93737000e-03
4.41000000e+01	-4.90855000e-03
4.42000000e+01	-1.79539000e-03
4.43008000e+01	1.28526000e-03
4.44008000e+01	4.17800000e-03
4.45000000e+01	6.79067000e-03
4.46001000e+01	9.08036000e-03
4.47001000e+01	1.09581000e-02
4.48001000e+01	1.23726000e-02
4.49001000e+01	1.32904000e-02
4.50001000e+01	1.36954000e-02
4.51001000e+01	1.35896000e-02
4.52002000e+01	1.29922000e-02
4.53002000e+01	1.19389000e-02
4.54002000e+01	1.04809000e-02
4.55002000e+01	8.68303000e-03
4.56002000e+01	6.62159000e-03
4.57003000e+01	4.38074000e-03
4.58003000e+01	2.04898000e-03
4.59003000e+01	-2.84670000e-04
4.60003000e+01	-2.53417000e-03
4.61003000e+01	-4.61942000e-03
4.62004000e+01	-6.46859000e-03
4.63004000e+01	-8.02014000e-03
4.64004000e+01	-9.22454000e-03
4.65004000e+01	-1.00460000e-02
4.66004000e+01	-1.04638000e-02
4.67004000e+01	-1.04735000e-02
4.68005000e+01	-1.00869000e-02
4.69005000e+01	-9.33191000e-03
4.70005000e+01	-8.25034000e-03
4.71005000e+01	-6.89598000e-03
4.72005000e+01	-5.33143000e-03
4.73006000e+01	-3.62485000e-03
4.74006000e+01	-1.84669000e-03
4.75006000e+01	-6.65008000e-05
4.76006000e+01	1.64977000e-03
4.77006000e+01	3.24203000e-03
4.78007000e+01	4.65775000e-03
4.79007000e+01	5.85302000e-03
4.80007000e+01	6.79329000e-03
4.81000000e+01	7.44986000e-03
4.82000000e+01	7.81815000e-03
4.83007000e+01	7.88718000e-03
4.84008000e+01	7.66238000e-03
4.85000000e+01	7.16723000e-03
4.86000000e+01	6.42108000e-03
4.87001000e+01	5.46262000e-03
4.88001000e+01	4.33486000e-03
4.89001000e+01	3.08571000e-03
4.90001000e+01	1.76572000e-03
4.91001000e+01	4.25838000e-04
4.92002000e+01	-8.84392000e-04
4.93002000e+01	-2.11846000e-03
4.94002000e+01	-3.23417000e-03
4.95002000e+01	-4.19491000e-03
4.96002000e+01	-4.97074000e-03
4.97003000e+01	-5.53942000e-03
4.98003000e+01	-5.88715000e-03
4.99003000e+01	-6.00902000e-03
5.00003000e+01	-5.90886000e-03
5.01003000e+01	-5.59876000e-03
5.02003000e+01	-5.09812000e-03
5.03004000e+01	-4.43249000e-03
5.04004000e+01	-3.63214000e-03
5.05004000e+01	-2.73056000e-03
5.06004000e+01	-1.76296000e-03
5.07004000e+01	-7.64863000e-04
5.08005000e+01	2.29130000e-04
5.09005000e+01	1.18631000e-03
5.10005000e+01	2.07648000e-03
5.11005000e+01	2.87246000e-03
5.12005000e+01	3.55038000e-03
5.13006000e+01	4.09017000e-03
5.14006000e+01	4.47598000e-03
5.15006000e+01	4.69679000e-03
5.16006000e+01	4.74699000e-03
5.17006000e+01	4.62668000e-03
5.18006000e+01	4.34189000e-03
5.19007000e+01	3.90434000e-03
5.20007000e+01	3.33123000e-03
5.21007000e+01	2.64466000e-03
5.22000000e+01	1.87723000e-03
5.23007000e+01	1.04063000e-03
5.24008000e+01	1.85811000e-04
5.25000000e+01	-6.53161000e-04
5.26000000e+01	-1.45565000e-03
5.27001000e+01	-2.18336000e-03
5.28001000e+01	-2.80791000e-03
5.29001000e+01	-3.30575000e-03
5.30001000e+01	-3.65929000e-03
5.31001000e+01	-3.85770000e-03
5.32002000e+01	-3.89739000e-03
5.33002000e+01	-3.78218000e-03
5.34002000e+01	-3.52307000e-03
5.35002000e+01	-3.13746000e-03
5.36002000e+01	-2.64801000e-03
5.37002000e+01	-2.08099000e-03
5.38003000e+01	-1.46449000e-03
5.39003000e+01	-8.26539000e-04
5.40003000e+01	-1.93550000e-04
5.41003000e+01	4.10887000e-04
5.42003000e+01	9.66799000e-04
5.43004000e+01	1.45822000e-03
5.44004000e+01	1.87328000e-03
5.45004000e+01	2.20411000e-03
5.46004000e+01	2.44654000e-03
5.47004000e+01	2.59967000e-03
5.48005000e+01	2.66540000e-03
5.49005000e+01	2.64777000e-03
5.50005000e+01	2.55252000e-03
5.51005000e+01	2.38651000e-03
5.52005000e+01	2.15744000e-03
5.53005000e+01	1.87358000e-03
5.54006000e+01	1.54370000e-03
5.55006000e+01	1.17699000e-03
5.56006000e+01	7.83047000e-04
5.57006000e+01	3.71925000e-04
5.58006000e+01	-4.58612000e-05
5.59007000e+01	-4.59277000e-04
5.60007000e+01	-8.56776000e-04
5.61007000e+01	-1.22644000e-03
5.62000000e+01	-1.55398000e-03
5.63007000e+01	-1.83482000e-03
5.64008000e+01	-2.05160000e-03
5.65000000e+01	-2.19728000e-03
5.66000000e+01	-2.26803000e-03
5.67001000e+01	-2.25936000e-03
5.68001000e+01	-2.17136000e-03
5.69001000e+01	-2.00735000e-03
5.70001000e+01	-1.77373000e-03
5.71001000e+01	-1.47966000e-03
5.72002000e+01	-1.13667000e-03
5.73002000e+01	-7.58213000e-04
5.74002000e+01	-3.59033000e-04
5.75002000e+01	4.54685000e-05
5.76002000e+01	4.39949000e-04
5.77002000e+01	8.09834000e-04
5.78003000e+01	1.14192000e-03
5.79003000e+01	1.42491000e-03
5.80003000e+01	1.64972000e-03
5.81003000e+01	1.80983000e-03
5.82003000e+01	1.90135000e-03
5.83004000e+01	1.92317000e-03
5.84004000e+01	1.87686000e-03
5.85004000e+01	1.76653000e-03
5.86004000e+01	1.59850000e-03
5.87004000e+01	1.38092000e-03
5.88004000e+01	1.12325000e-03
5.89005000e+01	8.35871000e-04
5.90005000e+01	5.29644000e-04
5.91005000e+01	2.15626000e-04
5.92005000e+01	-9.52347000e-05
5.93005000e+01	-3.92388000e-04
5.94006000e+01	-6.66013000e-04
5.95006000e+01	-9.07383000e-04
5.96006000e+01	-1.10922000e-03
5.97006000e+01	-1.26598000e-03
5.98006000e+01	-1.37404000e-03
5.99007000e+01	-1.43177000e-03
6.00007000e+01	-1.43950000e-03
6.01007000e+01	-1.39938000e-03
6.02000000e+01	-1.31598000e-03
6.03007000e+01	-1.19211000e-03
6.04008000e+01	-1.03639000e-03
6.05000000e+01	-8.56437000e-04
6.06000000e+01	-6.56832000e-04
6.07001000e+01	-4.46278000e-04
6.08001000e+01	-2.31977000e-04
6.09001000e+01	-2.07194000e-05
6.10001000e+01	1.81300000e-04
6.11001000e+01	3.68613000e-04
6.12001000e+01	5.36616000e-04
6.13002000e+01	6.81702000e-04
6.14002000e+01	8.01325000e-04
6.15002000e+01	8.93999000e-04
6.16002000e+01	9.59175000e-04
6.17002000e+01	9.97058000e-04
6.18003000e+01	1.00834000e-03
6.19003000e+01	9.94001000e-04
6.20003000e+01	9.55185000e-04
6.21003000e+01	8.93150000e-04
6.22003000e+01	8.09353000e-04
6.23004000e+01	7.05548000e-04
6.24004000e+01	5.83906000e-04
6.25004000e+01	4.47096000e-04
6.26004000e+01	2.98309000e-04
6.27004000e+01	1.41243000e-04
6.28004000e+01	-1.99613000e-05
6.29005000e+01	-1.80822000e-04
6.30005000e+01	-3.36648000e-04
6.31005000e+01	-4.82692000e-04
6.32005000e+01	-6.14341000e-04
6.33005000e+01	-7.27278000e-04
6.34006000e+01	-8.17662000e-04
6.35006000e+01	-8.82273000e-04
6.36006000e+01	-9.18647000e-04
6.37006000e+01	-9.25209000e-04
6.38006000e+01	-9.01404000e-04
6.39007000e+01	-8.47834000e-04
6.40007000e+01	-7.66328000e-04
6.41007000e+01	-6.59958000e-04
6.42000000e+01	-5.33958000e-04
6.43000000e+01	-3.91495000e-04
6.44000000e+01	-2.39193000e-04
6.45000000e+01	-8.30294000e-05
6.46008000e+01	7.22600000e-05
6.47000000e+01	2.17741000e-04
6.48001000e+01	3.51967000e-04
6.49001000e+01	4.69690000e-04
6.50001000e+01	5.67680000e-04
6.51001000e+01	6.43676000e-04
6.52001000e+01	6.96412000e-04
6.53002000e+01	7.25624000e-04
6.54002000e+01	7.31980000e-04
6.55002000e+01	7.16951000e-04
6.56002000e+01	6.82619000e-04
6.57002000e+01	6.31473000e-04
6.58003000e+01	5.66213000e-04
6.59003000e+01	4.89565000e-04
6.60003000e+01	4.04174000e-04
6.61003000e+01	3.12516000e-04
6.62003000e+01	2.16845000e-04
6.63003000e+01	1.19192000e-04
6.64004000e+01	2.13708000e-05
6.65004000e+01	-7.49680000e-05
6.66004000e+01	-1.68282000e-04
6.67004000e+01	-2.57053000e-04
6.68004000e+01	-3.39727000e-04
6.69005000e+01	-4.14681000e-04
6.70005000e+01	-4.80229000e-04
6.71005000e+01	-5.34666000e-04
6.72005000e+01	-5.76324000e-04
6.73005000e+01	-6.03654000e-04
6.74005000e+01	-6.15310000e-04
6.75006000e+01	-6.10231000e-04
6.76006000e+01	-5.87751000e-04
6.77006000e+01	-5.47698000e-04
6.78006000e+01	-4.90520000e-04
6.79006000e+01	-4.17366000e-04
6.80007000e+01	-3.30107000e-04
6.81007000e+01	-2.31320000e-04
6.82007000e+01	-1.24189000e-04
6.83000000e+01	-1.32195000e-05
6.84000000e+01	9.93649000e-05
6.85000000e+01	2.08675000e-04
6.86008000e+01	3.11468000e-04
6.87000000e+01	4.01811000e-04
6.88001000e+01	4.78638000e-04
6.89001000e+01	5.38555000e-04
6.90001000e+01	5.79678000e-04
6.91001000e+01	6.00997000e-04
6.92001000e+01	6.02398000e-04
6.93001000e+01	5.84622000e-04
6.94002000e+01	5.49171000e-04
6.95002000e+01	4.98153000e-04
6.96002000e+01	4.34121000e-04
6.97002000e+01	3.59914000e-04
6.98002000e+01	2.78496000e-04
6.99003000e+01	1.92808000e-04
7.00003000e+01	1.05645000e-04
7.01003000e+01	1.95256000e-05
7.02003000e+01	-6.33923000e-05
7.03003000e+01	-1.41376000e-04
7.04004000e+01	-2.13116000e-04
7.05004000e+01	-2.77698000e-04
7.06004000e+01	-3.34544000e-04
7.07004000e+01	-3.83306000e-04
7.08004000e+01	-4.23772000e-04
7.09005000e+01	-4.55767000e-04
7.10005000e+01	-4.79062000e-04
7.11005000e+01	-4.93304000e-04
7.12005000e+01	-4.97995000e-04
7.13005000e+01	-4.92483000e-04
7.14005000e+01	-4.76050000e-04
7.15006000e+01	-4.47996000e-04
7.16006000e+01	-4.07766000e-04
7.17006000e+01	-3.55110000e-04
7.18006000e+01	-2.90174000e-04
7.19006000e+01	-2.13612000e-04
7.20007000e+01	-1.26633000e-04
7.21007000e+01	-3.10360000e-05
7.22007000e+01	7.08008000e-05
7.23000000e+01	1.75136000e-04
7.24000000e+01	2.80148000e-04
7.25000000e+01	3.81214000e-04
7.26008000e+01	4.74919000e-04
7.27000000e+01	5.55145000e-04
7.28000000e+01	6.19950000e-04
7.29001000e+01	6.65163000e-04
7.30001000e+01	6.87959000e-04
7.31001000e+01	6.86371000e-04
7.32001000e+01	6.59461000e-04
7.33001000e+01	6.07399000e-04
7.34002000e+01	5.31509000e-04
7.35002000e+01	4.34243000e-04
7.36002000e+01	3.19098000e-04
7.37002000e+01	1.90466000e-04
7.38002000e+01	5.34264000e-05
7.39003000e+01	-8.64993000e-05
7.40003000e+01	-2.23623000e-04
7.41003000e+01	-3.52381000e-04
7.42003000e+01	-4.67600000e-04
7.43003000e+01	-5.64743000e-04
7.44004000e+01	-6.40113000e-04
7.45004000e+01	-6.91022000e-04
7.46004000e+01	-7.15885000e-04
7.47004000e+01	-7.14280000e-04
7.48004000e+01	-6.86934000e-04
7.49004000e+01	-6.35626000e-04
7.50005000e+01	-5.63061000e-04
7.51005000e+01	-4.72685000e-04
7.52005000e+01	-3.68478000e-04
7.53005000e+01	-2.54748000e-04
7.54005000e+01	-1.35916000e-04
7.55006000e+01	-1.63397000e-05
7.56006000e+01	9.98810000e-05
7.57006000e+01	2.09034000e-04
7.58006000e+01	3.07934000e-04
7.59006000e+01	3.94002000e-04
7.60007000e+01	4.65297000e-04
7.61007000e+01	5.20515000e-04
7.62007000e+01	5.58935000e-04
7.63000000e+01	5.80251000e-04
7.64000000e+01	5.85013000e-04
7.65000000e+01	5.73575000e-04
7.66008000e+01	5.46558000e-04
7.67000000e+01	5.05860000e-04
7.68008000e+01	4.51581000e-04
7.69001000e+01	3.86830000e-04
7.70001000e+01	3.11889000e-04
7.71001000e+01	2.28978000e-04
7.72001000e+01	1.39998000e-04
7.73001000e+01	4.69760000e-05
7.74002000e+01	-4.79133000e-05
7.75002000e+01	-1.42365000e-04
7.76002000e+01	-2.33941000e-04
7.77002000e+01	-3.20116000e-04
7.78002000e+01	-3.98337000e-04
7.79003000e+01	-4.66085000e-04
7.80003000e+01	-5.20982000e-04
7.81003000e+01	-5.60877000e-04
7.82003000e+01	-5.83971000e-04
7.83003000e+01	-5.88912000e-04
7.84003000e+01	-5.74897000e-04
7.85004000e+01	-5.41764000e-04
7.86004000e+01	-4.90035000e-04
7.87004000e+01	-4.20959000e-04
7.88004000e+01	-3.36492000e-04
7.89004000e+01	-2.39259000e-04
7.90005000e+01	-1.32485000e-04
7.91005000e+01	-1.98872000e-05
7.92005000e+01	9.44631000e-05
7.93005000e+01	2.06293000e-04
7.94005000e+01	3.11325000e-04
7.95006000e+01	4.05480000e-04
7.96006000e+01	4.85078000e-04
7.97006000e+01	5.47023000e-04
7.98006000e+01	5.88959000e-04
7.99006000e+01	6.09373000e-04
8.00006000e+01	6.07650000e-04
8.01007000e+01	5.84079000e-04
8.02007000e+01	5.39832000e-04
8.03007000e+01	4.76882000e-04
8.04000000e+01	3.98574000e-04
8.05000000e+01	3.06971000e-04
8.06008000e+01	2.05553000e-04
8.07000000e+01	1.00672000e-04
8.08008000e+01	-6.74816000e-06
8.09001000e+01	-1.09541000e-04
8.10001000e+01	-2.06407000e-04
8.11001000e+01	-2.93284000e-04
8.12001000e+01	-3.67450000e-04
8.13001000e+01	-4.26836000e-04
8.14002000e+01	-4.70036000e-04
8.15002000e+01	-4.96332000e-04
8.16002000e+01	-5.05656000e-04
8.17002000e+01	-4.98536000e-04
8.18002000e+01	-4.76028000e-04
8.19002000e+01	-4.39616000e-04
8.20003000e+01	-3.91143000e-04
8.21003000e+01	-3.32689000e-04
8.22003000e+01	-2.66507000e-04
8.23003000e+01	-1.94914000e-04
8.24003000e+01	-1.20213000e-04
8.25004000e+01	-4.46071000e-05
8.26004000e+01	2.98616000e-05
8.27004000e+01	1.01356000e-04
8.28004000e+01	1.68261000e-04
8.29004000e+01	2.29193000e-04
8.30005000e+01	2.82958000e-04
8.31005000e+01	3.28546000e-04
8.32005000e+01	3.65088000e-04
8.33005000e+01	3.91860000e-04
8.34005000e+01	4.08288000e-04
8.35006000e+01	4.13962000e-04
8.36006000e+01	4.08663000e-04
8.37006000e+01	3.92387000e-04
8.38006000e+01	3.65368000e-04
8.39006000e+01	3.28084000e-04
8.40006000e+01	2.81276000e-04
8.41007000e+01	2.25944000e-04
8.42007000e+01	1.63346000e-04
8.43007000e+01	9.49942000e-05
8.44000000e+01	2.32019000e-05
8.45000000e+01	-5.11709000e-05
8.46008000e+01	-1.26001000e-04
8.47000000e+01	-1.97343000e-04
8.48008000e+01	-2.65004000e-04
8.49001000e+01	-3.24645000e-04
8.50001000e+01	-3.75487000e-04
8.51001000e+01	-4.15019000e-04
8.52001000e+01	-4.41516000e-04
8.53001000e+01	-4.53668000e-04
8.54001000e+01	-4.50652000e-04
8.55002000e+01	-4.32206000e-04
8.56002000e+01	-3.98656000e-04
8.57002000e+01	-3.50926000e-04
8.58002000e+01	-2.90502000e-04
8.59002000e+01	-2.19393000e-04
8.60003000e+01	-1.40045000e-04
8.61003000e+01	-5.52557000e-05
8.62003000e+01	3.19320000e-05
8.63003000e+01	1.18353000e-04
8.64003000e+01	2.00834000e-04
8.65004000e+01	2.76338000e-04
8.66004000e+01	3.42070000e-04
8.67004000e+01	3.95602000e-04
8.68004000e+01	4.34968000e-04
8.69004000e+01	4.58751000e-04
8.70005000e+01	4.66132000e-04
8.71005000e+01	4.56938000e-04
8.72005000e+01	4.31637000e-04
8.73005000e+01	3.91321000e-04
8.74005000e+01	3.37643000e-04
8.75005000e+01	2.72739000e-04
8.76006000e+01	1.99126000e-04
8.77006000e+01	1.19584000e-04
8.78006000e+01	3.70357000e-05
8.79006000e+01	-4.55540000e-05
8.80006000e+01	-1.25298000e-04
8.81007000e+01	-1.99484000e-04
8.82007000e+01	-2.65653000e-04
8.83007000e+01	-3.21690000e-04
8.84000000e+01	-3.65588000e-04
8.85000000e+01	-3.96770000e-04
8.86007000e+01	-4.14156000e-04
8.87000000e+01	-4.17248000e-04
8.88008000e+01	-4.06370000e-04
8.89001000e+01	-3.82542000e-04
8.90001000e+01	-3.46481000e-04
8.91001000e+01	-2.99797000e-04
8.92001000e+01	-2.44265000e-04
8.93001000e+01	-1.81878000e-04
8.94001000e+01	-1.14773000e-04
8.95002000e+01	-4.51654000e-05
8.96002000e+01	2.47252000e-05
8.97002000e+01	9.27217000e-05
8.98002000e+01	1.56758000e-04
8.99002000e+01	2.14932000e-04
9.00003000e+01	2.65548000e-04
9.01003000e+01	3.07173000e-04
9.02003000e+01	3.38668000e-04
9.03003000e+01	3.59225000e-04
9.04003000e+01	3.68378000e-04
9.05004000e+01	3.66013000e-04
9.06004000e+01	3.52346000e-04
9.07004000e+01	3.27916000e-04
9.08004000e+01	2.93554000e-04
9.09004000e+01	2.50357000e-04
9.10004000e+01	1.99659000e-04
9.11005000e+01	1.43005000e-04
9.12005000e+01	8.21105000e-05
9.13005000e+01	1.88228000e-05
9.14005000e+01	-4.49313000e-05
9.15005000e+01	-1.07198000e-04
9.16006000e+01	-1.66058000e-04
9.17006000e+01	-2.19682000e-04
9.18006000e+01	-2.66393000e-04
9.19006000e+01	-3.04710000e-04
9.20006000e+01	-3.33396000e-04
9.21006000e+01	-3.51496000e-04
9.22007000e+01	-3.58371000e-04
9.23007000e+01	-3.53717000e-04
9.24000000e+01	-3.37753000e-04
9.25000000e+01	-3.10648000e-04
9.26007000e+01	-2.72935000e-04
9.27000000e+01	-2.26698000e-04
9.28008000e+01	-1.71984000e-04
9.29000000e+01	-1.12147000e-04
9.30001000e+01	-4.78272000e-05
9.31001000e+01	1.84174000e-05
9.32001000e+01	8.43844000e-05
9.33001000e+01	1.47852000e-04
9.34001000e+01	2.06666000e-04
9.35002000e+01	2.58808000e-04
9.36002000e+01	3.02462000e-04
9.37002000e+01	3.36088000e-04
9.38002000e+01	3.58459000e-04
9.39002000e+01	3.68720000e-04
9.40002000e+01	3.66423000e-04
9.41003000e+01	3.51543000e-04
9.42003000e+01	3.24495000e-04
9.43003000e+01	2.86116000e-04
9.44003000e+01	2.37657000e-04
9.45003000e+01	1.80726000e-04
9.46004000e+01	1.17252000e-04
9.47004000e+01	4.94095000e-05
9.48004000e+01	-2.04449000e-05
9.49004000e+01	-8.98588000e-05
9.50004000e+01	-1.56364000e-04
9.51005000e+01	-2.17573000e-04
9.52005000e+01	-2.71270000e-04
9.53005000e+01	-3.15489000e-04
9.54005000e+01	-3.48598000e-04
9.55005000e+01	-3.69361000e-04
9.56005000e+01	-3.76980000e-04
9.57006000e+01	-3.71137000e-04
9.58006000e+01	-3.51994000e-04
9.59006000e+01	-3.20199000e-04
9.60006000e+01	-2.76859000e-04
9.61006000e+01	-2.23515000e-04
9.62007000e+01	-1.62079000e-04
9.63007000e+01	-9.47833000e-05
9.64007000e+01	-2.40862000e-05
9.65000000e+01	4.68668000e-05
9.66007000e+01	1.17044000e-04
9.67000000e+01	1.81772000e-04
9.68008000e+01	2.40579000e-04
9.69000000e+01	2.89560000e-04
9.70001000e+01	3.28133000e-04
9.71001000e+01	3.54496000e-04
9.72001000e+01	3.67733000e-04
9.73001000e+01	3.67431000e-04
9.74001000e+01	3.53696000e-04
9.75001000e+01	3.27134000e-04
9.76002000e+01	2.88837000e-04
9.77002000e+01	2.40325000e-04
9.78002000e+01	1.83498000e-04
9.79002000e+01	1.20556000e-04
9.80002000e+01	5.39139000e-05
9.81003000e+01	-1.38919000e-05
9.82003000e+01	-8.03152000e-05
9.83003000e+01	-1.42894000e-04
9.84003000e+01	-1.99359000e-04
9.85003000e+01	-2.47716000e-04
9.86004000e+01	-2.86324000e-04
9.87004000e+01	-3.13948000e-04
9.88004000e+01	-3.29797000e-04
9.89004000e+01	-3.33539000e-04
9.90004000e+01	-3.25303000e-04
9.91005000e+01	-3.05652000e-04
9.92005000e+01	-2.75559000e-04
9.93005000e+01	-2.36349000e-04
9.94005000e+01	-1.89649000e-04
9.95005000e+01	-1.37311000e-04
9.96005000e+01	-8.13401000e-05
9.97006000e+01	-2.38149000e-05
9.98006000e+01	3.32021000e-05
9.99006000e+01	8.77323000e-05
1.00001000e+02	1.37956000e-04
1.00101000e+02	1.82277000e-04
1.00200000e+02	2.19118000e-04
1.00301000e+02	2.48206000e-04
1.00400000e+02	2.67976000e-04
1.00500000e+02	2.78608000e-04
1.00601000e+02	2.79840000e-04
1.00700000e+02	2.72006000e-04
1.00801000e+02	2.55412000e-04
1.00900000e+02	2.31340000e-04
1.01000000e+02	2.00326000e-04
1.01101000e+02	1.63401000e-04
1.01200000e+02	1.22759000e-04
1.01301000e+02	7.85467000e-05
1.01400000e+02	3.34967000e-05
1.01500000e+02	-1.20154000e-05
1.01601000e+02	-5.66268000e-05
1.01700000e+02	-9.80955000e-05
1.01801000e+02	-1.36530000e-04
1.01900000e+02	-1.69782000e-04
1.02000000e+02	-1.97816000e-04
1.02101000e+02	-2.19819000e-04
1.02200000e+02	-2.34771000e-04
1.02301000e+02	-2.43064000e-04
1.02400000e+02	-2.44050000e-04
1.02500000e+02	-2.37955000e-04
1.02601000e+02	-2.24655000e-04
1.02700000e+02	-2.05261000e-04
1.02801000e+02	-1.79123000e-04
1.02900000e+02	-1.48480000e-04
1.03000000e+02	-1.12870000e-04
1.03101000e+02	-7.30820000e-05
1.03200000e+02	-3.20394000e-05
1.03301000e+02	1.15926000e-05
1.03400000e+02	5.40123000e-05
1.03500000e+02	9.59386000e-05
1.03601000e+02	1.35759000e-04
1.03700000e+02	1.71410000e-04
1.03801000e+02	2.02822000e-04
1.03900000e+02	2.28027000e-04
1.04000000e+02	2.46760000e-04
1.04101000e+02	2.58111000e-04
1.04200000e+02	2.61360000e-04
1.04301000e+02	2.56271000e-04
1.04400000e+02	2.42923000e-04
1.04500000e+02	2.21293000e-04
1.04601000e+02	1.91676000e-04
1.04700000e+02	1.55573000e-04
1.04801000e+02	1.12916000e-04
1.04900000e+02	6.62407000e-05
1.05000000e+02	1.59938000e-05
1.05101000e+02	-3.62449000e-05
1.05200000e+02	-8.75565000e-05
1.05301000e+02	-1.37701000e-04
1.05400000e+02	-1.83412000e-04
1.05500000e+02	-2.24084000e-04
1.05601000e+02	-2.58005000e-04
1.05700000e+02	-2.83131000e-04
1.05801000e+02	-2.99108000e-04
1.05900000e+02	-3.04652000e-04
1.06000000e+02	-2.99559000e-04
1.06101000e+02	-2.83516000e-04
1.06200000e+02	-2.57572000e-04
1.06301000e+02	-2.20953000e-04
1.06400000e+02	-1.76934000e-04
1.06500000e+02	-1.25129000e-04
1.06601000e+02	-6.70159000e-05
1.06700000e+02	-7.29325000e-06
1.06801000e+02	5.54899000e-05
1.06900000e+02	1.15366000e-04
1.07000000e+02	1.72861000e-04
1.07101000e+02	2.25576000e-04
1.07200000e+02	2.69283000e-04
1.07301000e+02	3.04852000e-04
1.07400000e+02	3.28740000e-04
1.07500000e+02	3.41232000e-04
1.07601000e+02	3.41202000e-04
1.07700000e+02	3.28626000e-04
1.07801000e+02	3.03445000e-04
1.07900000e+02	2.67201000e-04
1.08000000e+02	2.20432000e-04
1.08101000e+02	1.64574000e-04
1.08200000e+02	1.02967000e-04
1.08301000e+02	3.60247000e-05
1.08400000e+02	-3.17961000e-05
1.08500000e+02	-9.94804000e-05
1.08601000e+02	-1.64417000e-04
1.08700000e+02	-2.22733000e-04
1.08801000e+02	-2.73923000e-04
1.08900000e+02	-3.14488000e-04
1.09000000e+02	-3.43865000e-04
1.09101000e+02	-3.60608000e-04
1.09200000e+02	-3.63788000e-04
1.09301000e+02	-3.53323000e-04
1.09400000e+02	-3.29855000e-04
1.09500000e+02	-2.93837000e-04
1.09601000e+02	-2.46320000e-04
1.09700000e+02	-1.90234000e-04
1.09801000e+02	-1.25990000e-04
1.09900000e+02	-5.78868000e-05
1.10000000e+02	1.30153000e-05
1.10101000e+02	8.40659000e-05
1.10200000e+02	1.50540000e-04
1.10301000e+02	2.13389000e-04
1.10400000e+02	2.66575000e-04
1.10500000e+02	3.10709000e-04
1.10601000e+02	3.43646000e-04
1.10700000e+02	3.62968000e-04
1.10801000e+02	3.69121000e-04
1.10900000e+02	3.61521000e-04
1.11000000e+02	3.40425000e-04
1.11101000e+02	3.06055000e-04
1.11200000e+02	2.61506000e-04
1.11301000e+02	2.05788000e-04
1.11400000e+02	1.44266000e-04
1.11500000e+02	7.66224000e-05
1.11601000e+02	5.76594000e-06
1.11700000e+02	-6.40455000e-05
1.11801000e+02	-1.32278000e-04
1.11900000e+02	-1.94373000e-04
1.12000000e+02	-2.49494000e-04
1.12101000e+02	-2.95410000e-04
1.12200000e+02	-3.29539000e-04
1.12301000e+02	-3.51667000e-04
1.12400000e+02	-3.60365000e-04
1.12500000e+02	-3.55715000e-04
1.12601000e+02	-3.37651000e-04
1.12700000e+02	-3.07458000e-04
1.12801000e+02	-2.65438000e-04
1.12900000e+02	-2.14462000e-04
1.13000000e+02	-1.55444000e-04
1.13101000e+02	-9.05001000e-05
1.13200000e+02	-2.35865000e-05
1.13301000e+02	4.47691000e-05
1.13400000e+02	1.09992000e-04
1.13500000e+02	1.71163000e-04
1.13601000e+02	2.25898000e-04
1.13700000e+02	2.71075000e-04
1.13801000e+02	3.06413000e-04
1.13900000e+02	3.29633000e-04
1.14000000e+02	3.40614000e-04
1.14101000e+02	3.38766000e-04
1.14200000e+02	3.24600000e-04
1.14301000e+02	2.97876000e-04
1.14400000e+02	2.61261000e-04
