0.00000000e+00	0.00000000e+00
5.00094000e-02	0.00000000e+00
1.00019000e-01	0.00000000e+00
1.50028000e-01	0.00000000e+00
2.00038000e-01	-3.31930000e-14
2.50047000e-01	-3.15821000e-10
3.00056000e-01	-8.65227000e-09
3.50066000e-01	-8.66545000e-08
4.00075000e-01	-7.15719000e-07
4.50085000e-01	-4.73817000e-06
5.00094000e-01	-2.50031000e-05
5.50103000e-01	-1.04588000e-04
6.00113000e-01	-3.43731000e-04
6.50122000e-01	-8.73322000e-04
7.00132000e-01	-1.65845000e-03
7.50141000e-01	-2.15531000e-03
8.00150000e-01	-1.28146000e-03
8.50160000e-01	1.69780000e-03
9.00169000e-01	5.76382000e-03
9.50179000e-01	7.96395000e-03
1.00019000e+00	5.57535000e-03
1.05020000e+00	-9.95261000e-04
1.10021000e+00	-7.69457000e-03
1.15022000e+00	-9.75901000e-03
1.20023000e+00	-5.61125000e-03
1.25024000e+00	1.86570000e-03
1.30024000e+00	7.65195000e-03
1.35025000e+00	8.19963000e-03
1.40026000e+00	3.47997000e-03
1.45027000e+00	-3.45901000e-03
1.50028000e+00	-8.56438000e-03
1.55029000e+00	-9.08104000e-03
1.60030000e+00	-4.87841000e-03
1.65031000e+00	1.78474000e-03
1.70032000e+00	7.68041000e-03
1.75033000e+00	1.01881000e-02
1.80034000e+00	8.24379000e-03
1.85035000e+00	2.57380000e-03
1.90036000e+00	-4.59299000e-03
1.95037000e+00	-1.03113000e-02
2.00038000e+00	-1.21250000e-02
2.05039000e+00	-9.17981000e-03
2.10039000e+00	-2.56959000e-03
2.15040000e+00	5.26106000e-03
2.20041000e+00	1.15833000e-02
2.25042000e+00	1.43030000e-02
2.30043000e+00	1.24719000e-02
2.35044000e+00	6.47065000e-03
2.40045000e+00	-2.03819000e-03
2.45046000e+00	-1.04456000e-02
2.50047000e+00	-1.59321000e-02
2.55048000e+00	-1.64878000e-02
2.60049000e+00	-1.17654000e-02
2.65050000e+00	-3.25674000e-03
2.70051000e+00	6.32872000e-03
2.75052000e+00	1.41072000e-02
2.80053000e+00	1.79290000e-02
2.85054000e+00	1.68324000e-02
2.90055000e+00	1.10974000e-02
2.95055000e+00	2.11471000e-03
3.00056000e+00	-7.84683000e-03
3.05057000e+00	-1.60701000e-02
3.10058000e+00	-2.00970000e-02
3.15059000e+00	-1.85590000e-02
3.20060000e+00	-1.17522000e-02
3.25061000e+00	-1.61857000e-03
3.30062000e+00	8.91210000e-03
3.35063000e+00	1.69197000e-02
3.40064000e+00	2.03814000e-02
3.45065000e+00	1.86327000e-02
3.50066000e+00	1.23564000e-02
3.55067000e+00	3.25067000e-03
3.60068000e+00	-6.46032000e-03
3.65069000e+00	-1.45583000e-02
3.70070000e+00	-1.92971000e-02
3.75071000e+00	-1.97068000e-02
3.80071000e+00	-1.57185000e-02
3.85072000e+00	-8.15856000e-03
3.90073000e+00	1.37130000e-03
3.95074000e+00	1.07665000e-02
4.00075000e+00	1.78719000e-02
4.05000000e+00	2.10217000e-02
4.10001000e+00	1.96233000e-02
4.15002000e+00	1.40175000e-02
4.20003000e+00	5.57783000e-03
4.25004000e+00	-3.79206000e-03
4.30005000e+00	-1.21605000e-02
4.35006000e+00	-1.79952000e-02
4.40007000e+00	-2.03999000e-02
4.45008000e+00	-1.91419000e-02
4.50009000e+00	-1.45568000e-02
4.55010000e+00	-7.42750000e-03
4.60011000e+00	1.12291000e-03
4.65012000e+00	9.73539000e-03
4.70013000e+00	1.69506000e-02
4.75014000e+00	2.14215000e-02
4.80015000e+00	2.22004000e-02
4.85015000e+00	1.90080000e-02
4.90016000e+00	1.23481000e-02
4.95017000e+00	3.40446000e-03
5.00018000e+00	-6.23479000e-03
5.05019000e+00	-1.49121000e-02
5.10020000e+00	-2.11966000e-02
5.15021000e+00	-2.41002000e-02
5.20022000e+00	-2.32054000e-02
5.25023000e+00	-1.86863000e-02
5.30024000e+00	-1.12259000e-02
5.35025000e+00	-1.88961000e-03
5.40026000e+00	7.98346000e-03
5.45027000e+00	1.69020000e-02
5.50028000e+00	2.34337000e-02
5.55029000e+00	2.64898000e-02
5.60030000e+00	2.55537000e-02
5.65030000e+00	2.07561000e-02
5.70031000e+00	1.28155000e-02
5.75032000e+00	2.90210000e-03
5.80033000e+00	-7.55564000e-03
5.85034000e+00	-1.70933000e-02
5.90035000e+00	-2.43970000e-02
5.95036000e+00	-2.84243000e-02
6.00037000e+00	-2.85170000e-02
6.05038000e+00	-2.45491000e-02
6.10039000e+00	-1.70262000e-02
6.15040000e+00	-7.01245000e-03
6.20041000e+00	4.09826000e-03
6.25042000e+00	1.48154000e-02
6.30043000e+00	2.37047000e-02
6.35044000e+00	2.95221000e-02
6.40045000e+00	3.14042000e-02
6.45046000e+00	2.90591000e-02
6.50046000e+00	2.28383000e-02
6.55047000e+00	1.36500000e-02
6.60048000e+00	2.77644000e-03
6.65049000e+00	-8.33410000e-03
6.70050000e+00	-1.82755000e-02
6.75051000e+00	-2.58789000e-02
6.80052000e+00	-3.03534000e-02
6.85053000e+00	-3.13304000e-02
6.90054000e+00	-2.88162000e-02
6.95055000e+00	-2.31131000e-02
7.00056000e+00	-1.48063000e-02
7.05057000e+00	-4.83915000e-03
7.10058000e+00	5.48513000e-03
7.15059000e+00	1.48025000e-02
7.20060000e+00	2.21807000e-02
7.25061000e+00	2.73120000e-02
7.30062000e+00	3.01459000e-02
7.35062000e+00	3.03916000e-02
7.40063000e+00	2.75278000e-02
7.45064000e+00	2.13639000e-02
7.50065000e+00	1.25455000e-02
7.55066000e+00	2.44794000e-03
7.60067000e+00	-7.45024000e-03
7.65068000e+00	-1.61367000e-02
7.70069000e+00	-2.31430000e-02
7.75070000e+00	-2.82115000e-02
7.80071000e+00	-3.09703000e-02
7.85072000e+00	-3.09396000e-02
7.90073000e+00	-2.78285000e-02
7.95074000e+00	-2.18241000e-02
8.00075000e+00	-1.36271000e-02
8.05000000e+00	-4.38833000e-03
8.10001000e+00	5.14776000e-03
8.15002000e+00	1.39395000e-02
8.20003000e+00	2.12796000e-02
8.25004000e+00	2.66636000e-02
8.30005000e+00	2.97706000e-02
8.35005000e+00	3.04280000e-02
8.40006000e+00	2.85780000e-02
8.45007000e+00	2.42801000e-02
8.50008000e+00	1.77681000e-02
8.55009000e+00	9.51645000e-03
8.60010000e+00	2.47888000e-04
8.65011000e+00	-9.15089000e-03
8.70012000e+00	-1.77669000e-02
8.75013000e+00	-2.47917000e-02
8.80014000e+00	-2.96140000e-02
8.85015000e+00	-3.18747000e-02
8.90016000e+00	-3.14804000e-02
8.95017000e+00	-2.85666000e-02
9.00018000e+00	-2.34346000e-02
9.05019000e+00	-1.65131000e-02
9.10020000e+00	-8.36087000e-03
9.15021000e+00	3.45022000e-04
9.20021000e+00	8.88733000e-03
9.25022000e+00	1.66121000e-02
9.30023000e+00	2.29749000e-02
9.35024000e+00	2.75225000e-02
9.40025000e+00	2.98811000e-02
9.45026000e+00	2.97997000e-02
9.50027000e+00	2.72237000e-02
9.55028000e+00	2.23430000e-02
9.60029000e+00	1.55855000e-02
9.65030000e+00	7.55985000e-03
9.70031000e+00	-1.02966000e-03
9.75032000e+00	-9.46907000e-03
9.80033000e+00	-1.71011000e-02
9.85034000e+00	-2.33695000e-02
9.90035000e+00	-2.78497000e-02
9.95036000e+00	-3.02753000e-02
1.00004000e+01	-3.05553000e-02
1.00504000e+01	-2.87746000e-02
1.01004000e+01	-2.51682000e-02
1.01504000e+01	-2.00706000e-02
1.02004000e+01	-1.38574000e-02
1.02504000e+01	-6.90142000e-03
1.03004000e+01	4.37419000e-04
1.03504000e+01	7.79256000e-03
1.04004000e+01	1.47636000e-02
1.04504000e+01	2.09096000e-02
1.05005000e+01	2.57780000e-02
1.05505000e+01	2.89656000e-02
1.06005000e+01	3.01898000e-02
1.06505000e+01	2.93410000e-02
1.07005000e+01	2.64933000e-02
1.07505000e+01	2.18721000e-02
1.08005000e+01	1.58035000e-02
1.08505000e+01	8.67705000e-03
1.09005000e+01	9.34674000e-04
1.09505000e+01	-6.93410000e-03
1.10006000e+01	-1.44121000e-02
1.10506000e+01	-2.09924000e-02
1.11006000e+01	-2.62216000e-02
1.11506000e+01	-2.97402000e-02
1.12006000e+01	-3.13146000e-02
1.12506000e+01	-3.08524000e-02
1.13006000e+01	-2.83974000e-02
1.13506000e+01	-2.41105000e-02
1.14006000e+01	-1.82559000e-02
1.14506000e+01	-1.11929000e-02
1.15006000e+01	-3.36748000e-03
1.15507000e+01	4.71096000e-03
1.16007000e+01	1.25109000e-02
1.16507000e+01	1.95300000e-02
1.17007000e+01	2.53445000e-02
1.17507000e+01	2.96440000e-02
1.18007000e+01	3.22455000e-02
1.18507000e+01	3.30857000e-02
1.19000000e+01	3.22243000e-02
1.19507000e+01	2.96906000e-02
1.20000000e+01	2.57959000e-02
1.20500000e+01	2.06071000e-02
1.21008000e+01	1.43415000e-02
1.21500000e+01	7.61289000e-03
1.22008000e+01	3.65654000e-04
1.22500000e+01	-6.60481000e-03
1.23000000e+01	-1.32509000e-02
1.23508000e+01	-1.91820000e-02
1.24001000e+01	-2.38233000e-02
1.24501000e+01	-2.71394000e-02
1.25001000e+01	-2.88494000e-02
1.25501000e+01	-2.88453000e-02
1.26001000e+01	-2.71173000e-02
1.26501000e+01	-2.37545000e-02
1.27001000e+01	-1.89429000e-02
1.27501000e+01	-1.29573000e-02
1.28001000e+01	-6.14349000e-03
1.28501000e+01	1.10710000e-03
1.29002000e+01	8.38563000e-03
1.29502000e+01	1.52916000e-02
1.30002000e+01	2.14558000e-02
1.30502000e+01	2.65612000e-02
1.31002000e+01	3.03594000e-02
1.31502000e+01	3.26816000e-02
1.32002000e+01	3.34396000e-02
1.32502000e+01	3.26218000e-02
1.33002000e+01	3.02843000e-02
1.33502000e+01	2.65421000e-02
1.34002000e+01	2.15608000e-02
1.34503000e+01	1.55499000e-02
1.35003000e+01	8.75779000e-03
1.35503000e+01	1.46818000e-03
1.36003000e+01	-6.00443000e-03
1.36503000e+01	-1.33233000e-02
1.37003000e+01	-2.01430000e-02
1.37503000e+01	-2.61273000e-02
1.38003000e+01	-3.09671000e-02
1.38503000e+01	-3.44001000e-02
1.39003000e+01	-3.62315000e-02
1.39504000e+01	-3.63538000e-02
1.40004000e+01	-3.47609000e-02
1.40504000e+01	-3.15486000e-02
1.41004000e+01	-2.69028000e-02
1.41504000e+01	-2.10804000e-02
1.42004000e+01	-1.43905000e-02
1.42504000e+01	-7.17899000e-03
1.43004000e+01	1.85731000e-04
1.43504000e+01	7.33254000e-03
1.44004000e+01	1.39116000e-02
1.44504000e+01	1.96186000e-02
1.45005000e+01	2.42116000e-02
1.45505000e+01	2.75175000e-02
1.46005000e+01	2.94299000e-02
1.46505000e+01	2.99027000e-02
1.47005000e+01	2.89460000e-02
1.47505000e+01	2.66243000e-02
1.48005000e+01	2.30551000e-02
1.48505000e+01	1.84051000e-02
1.49005000e+01	1.28812000e-02
1.49505000e+01	6.71871000e-03
1.50005000e+01	1.68698000e-04
1.50506000e+01	-6.51131000e-03
1.51006000e+01	-1.30639000e-02
1.51506000e+01	-1.92364000e-02
1.52006000e+01	-2.47859000e-02
1.52506000e+01	-2.94866000e-02
1.53006000e+01	-3.31388000e-02
1.53506000e+01	-3.55788000e-02
1.54006000e+01	-3.66884000e-02
1.54506000e+01	-3.64014000e-02
1.55006000e+01	-3.47085000e-02
1.55507000e+01	-3.16585000e-02
1.56007000e+01	-2.73583000e-02
1.56507000e+01	-2.19703000e-02
1.57007000e+01	-1.57068000e-02
1.57507000e+01	-8.82254000e-03
1.58007000e+01	-1.60175000e-03
1.58507000e+01	5.65699000e-03
1.59000000e+01	1.25547000e-02
1.59507000e+01	1.91214000e-02
1.60000000e+01	2.47227000e-02
1.60500000e+01	2.94315000e-02
1.61000000e+01	3.29991000e-02
1.61508000e+01	3.53482000e-02
1.62000000e+01	3.63534000e-02
1.62500000e+01	3.60922000e-02
1.63000000e+01	3.45874000e-02
1.63500000e+01	3.19277000e-02
1.64001000e+01	2.82382000e-02
1.64501000e+01	2.36754000e-02
1.65001000e+01	1.84243000e-02
1.65501000e+01	1.26933000e-02
1.66001000e+01	6.70759000e-03
1.66501000e+01	6.99476000e-04
1.67001000e+01	-5.10242000e-03
1.67501000e+01	-1.04835000e-02
1.68001000e+01	-1.52514000e-02
1.68501000e+01	-1.92427000e-02
1.69001000e+01	-2.23263000e-02
1.69502000e+01	-2.44068000e-02
1.70002000e+01	-2.54258000e-02
1.70502000e+01	-2.53621000e-02
1.71002000e+01	-2.42303000e-02
1.71502000e+01	-2.20778000e-02
1.72002000e+01	-1.89826000e-02
1.72502000e+01	-1.50502000e-02
1.73002000e+01	-1.04125000e-02
1.73502000e+01	-5.22685000e-03
1.74002000e+01	3.25947000e-04
1.74503000e+01	6.04520000e-03
1.75003000e+01	1.17166000e-02
1.75503000e+01	1.71204000e-02
1.76003000e+01	2.20421000e-02
1.76503000e+01	2.62822000e-02
1.77003000e+01	2.96666000e-02
1.77503000e+01	3.20559000e-02
1.78003000e+01	3.33521000e-02
1.78503000e+01	3.35036000e-02
1.79003000e+01	3.25071000e-02
1.79503000e+01	3.04061000e-02
1.80004000e+01	2.72871000e-02
1.80504000e+01	2.32727000e-02
1.81004000e+01	1.85135000e-02
1.81504000e+01	1.31787000e-02
1.82004000e+01	7.44696000e-03
1.82504000e+01	1.49929000e-03
1.83004000e+01	-4.48762000e-03
1.83504000e+01	-1.03455000e-02
1.84004000e+01	-1.59173000e-02
1.84504000e+01	-2.10600000e-02
1.85004000e+01	-2.56455000e-02
1.85505000e+01	-2.95630000e-02
1.86005000e+01	-3.27192000e-02
1.86505000e+01	-3.50389000e-02
1.87005000e+01	-3.64661000e-02
1.87505000e+01	-3.69647000e-02
1.88005000e+01	-3.65205000e-02
1.88505000e+01	-3.51436000e-02
1.89005000e+01	-3.28694000e-02
1.89505000e+01	-2.97597000e-02
1.90005000e+01	-2.59014000e-02
1.90506000e+01	-2.14056000e-02
1.91006000e+01	-1.64043000e-02
1.91506000e+01	-1.10473000e-02
1.92006000e+01	-5.49796000e-03
1.92506000e+01	7.18092000e-05
1.93006000e+01	5.48761000e-03
1.93506000e+01	1.05790000e-02
1.94006000e+01	1.51864000e-02
1.94506000e+01	1.91671000e-02
1.95006000e+01	2.24008000e-02
1.95506000e+01	2.47938000e-02
1.96007000e+01	2.62813000e-02
1.96507000e+01	2.68293000e-02
1.97007000e+01	2.64351000e-02
1.97507000e+01	2.51267000e-02
1.98007000e+01	2.29621000e-02
1.98507000e+01	2.00260000e-02
1.99007000e+01	1.64273000e-02
1.99507000e+01	1.22941000e-02
2.00000000e+01	7.83988000e-03
2.00500000e+01	3.07790000e-03
2.01000000e+01	-1.76892000e-03
2.01508000e+01	-6.61465000e-03
2.02008000e+01	-1.11605000e-02
2.02500000e+01	-1.52769000e-02
2.03000000e+01	-1.89622000e-02
2.03500000e+01	-2.20364000e-02
2.04008000e+01	-2.44357000e-02
2.04501000e+01	-2.59972000e-02
2.05001000e+01	-2.67612000e-02
2.05501000e+01	-2.66712000e-02
2.06001000e+01	-2.57242000e-02
2.06501000e+01	-2.39407000e-02
2.07001000e+01	-2.13639000e-02
2.07501000e+01	-1.80587000e-02
2.08001000e+01	-1.41100000e-02
2.08501000e+01	-9.62061000e-03
2.09001000e+01	-4.70857000e-03
2.09502000e+01	4.95875000e-04
2.10002000e+01	5.85396000e-03
2.10502000e+01	1.12224000e-02
2.11002000e+01	1.64575000e-02
2.11502000e+01	2.14193000e-02
2.12002000e+01	2.59757000e-02
2.12502000e+01	3.00053000e-02
2.13002000e+01	3.34009000e-02
2.13502000e+01	3.60720000e-02
2.14002000e+01	3.79465000e-02
2.14502000e+01	3.89727000e-02
2.15003000e+01	3.91197000e-02
2.15503000e+01	3.83778000e-02
2.16003000e+01	3.67585000e-02
2.16503000e+01	3.42939000e-02
2.17003000e+01	3.10364000e-02
2.17503000e+01	2.70576000e-02
2.18003000e+01	2.24472000e-02
2.18503000e+01	1.73118000e-02
2.19003000e+01	1.17721000e-02
2.19503000e+01	5.96024000e-03
2.20003000e+01	1.62755000e-05
2.20504000e+01	-5.91609000e-03
2.21004000e+01	-1.16938000e-02
2.21504000e+01	-1.71793000e-02
2.22004000e+01	-2.22445000e-02
2.22504000e+01	-2.67755000e-02
2.23004000e+01	-3.06757000e-02
2.23504000e+01	-3.38679000e-02
2.24004000e+01	-3.62959000e-02
2.24504000e+01	-3.79244000e-02
2.25004000e+01	-3.87385000e-02
2.25505000e+01	-3.87417000e-02
2.26005000e+01	-3.79545000e-02
2.26505000e+01	-3.64122000e-02
2.27005000e+01	-3.41624000e-02
2.27505000e+01	-3.12639000e-02
2.28005000e+01	-2.77853000e-02
2.28505000e+01	-2.38037000e-02
2.29005000e+01	-1.94048000e-02
2.29505000e+01	-1.46822000e-02
2.30005000e+01	-9.73711000e-03
2.30505000e+01	-4.67777000e-03
2.31006000e+01	3.82223000e-04
2.31506000e+01	5.32594000e-03
2.32006000e+01	1.00359000e-02
2.32506000e+01	1.43976000e-02
2.33006000e+01	1.83031000e-02
2.33506000e+01	2.16552000e-02
2.34006000e+01	2.43707000e-02
2.34506000e+01	2.63842000e-02
2.35006000e+01	2.76503000e-02
2.35506000e+01	2.81454000e-02
2.36007000e+01	2.78686000e-02
2.36507000e+01	2.68414000e-02
2.37007000e+01	2.51061000e-02
2.37507000e+01	2.27242000e-02
2.38007000e+01	1.97735000e-02
2.38507000e+01	1.63453000e-02
2.39007000e+01	1.25415000e-02
2.39507000e+01	8.47070000e-03
2.40000000e+01	4.31045000e-03
2.40500000e+01	4.48483000e-05
2.41000000e+01	-4.15151000e-03
2.41508000e+01	-8.23099000e-03
2.42008000e+01	-1.19712000e-02
2.42500000e+01	-1.52964000e-02
2.43000000e+01	-1.82308000e-02
2.43500000e+01	-2.06529000e-02
2.44008000e+01	-2.25319000e-02
2.44501000e+01	-2.37565000e-02
2.45001000e+01	-2.43703000e-02
2.45501000e+01	-2.43370000e-02
2.46001000e+01	-2.36572000e-02
2.46501000e+01	-2.23451000e-02
2.47001000e+01	-2.04276000e-02
2.47501000e+01	-1.79440000e-02
2.48001000e+01	-1.49452000e-02
2.48501000e+01	-1.14930000e-02
2.49001000e+01	-7.65885000e-03
2.49501000e+01	-3.52299000e-03
2.50002000e+01	8.27339000e-04
2.50502000e+01	5.29929000e-03
2.51002000e+01	9.79626000e-03
2.51502000e+01	1.42198000e-02
2.52002000e+01	1.84714000e-02
2.52502000e+01	2.24550000e-02
2.53002000e+01	2.60789000e-02
2.53502000e+01	2.92576000e-02
2.54002000e+01	3.19145000e-02
2.54502000e+01	3.39834000e-02
2.55002000e+01	3.54100000e-02
2.55503000e+01	3.61540000e-02
2.56003000e+01	3.61894000e-02
2.56503000e+01	3.55055000e-02
2.57003000e+01	3.41071000e-02
2.57503000e+01	3.20142000e-02
2.58003000e+01	2.92616000e-02
2.58503000e+01	2.58977000e-02
2.59003000e+01	2.19837000e-02
2.59503000e+01	1.75917000e-02
2.60003000e+01	1.28034000e-02
2.60504000e+01	7.70794000e-03
2.61004000e+01	2.40018000e-03
2.61504000e+01	-3.02134000e-03
2.62004000e+01	-8.45639000e-03
2.62504000e+01	-1.38050000e-02
2.63004000e+01	-1.89693000e-02
2.63504000e+01	-2.38553000e-02
2.64004000e+01	-2.83744000e-02
2.64504000e+01	-3.24452000e-02
2.65004000e+01	-3.59944000e-02
2.65504000e+01	-3.89584000e-02
2.66005000e+01	-4.12839000e-02
2.66505000e+01	-4.29293000e-02
2.67005000e+01	-4.38650000e-02
2.67505000e+01	-4.40741000e-02
2.68005000e+01	-4.35532000e-02
2.68505000e+01	-4.23117000e-02
2.69005000e+01	-4.03726000e-02
2.69505000e+01	-3.77719000e-02
2.70005000e+01	-3.45580000e-02
2.70505000e+01	-3.07907000e-02
2.71005000e+01	-2.65403000e-02
2.71506000e+01	-2.18858000e-02
2.72006000e+01	-1.69131000e-02
2.72506000e+01	-1.17131000e-02
2.73006000e+01	-6.37959000e-03
2.73506000e+01	-1.00685000e-03
2.74006000e+01	4.31233000e-03
2.74506000e+01	9.48858000e-03
2.75006000e+01	1.44376000e-02
2.75506000e+01	1.90817000e-02
2.76006000e+01	2.33505000e-02
2.76507000e+01	2.71818000e-02
2.77007000e+01	3.05222000e-02
2.77507000e+01	3.33272000e-02
2.78007000e+01	3.55612000e-02
2.78507000e+01	3.71978000e-02
2.79007000e+01	3.82201000e-02
2.79507000e+01	3.86201000e-02
2.80000000e+01	3.84075000e-02
2.80500000e+01	3.75868000e-02
2.81000000e+01	3.61769000e-02
2.81507000e+01	3.41738000e-02
2.82008000e+01	3.16772000e-02
2.82500000e+01	2.87574000e-02
2.83000000e+01	2.53799000e-02
2.83500000e+01	2.16495000e-02
2.84008000e+01	1.75731000e-02
2.84508000e+01	1.33480000e-02
2.85001000e+01	9.06003000e-03
2.85501000e+01	4.65669000e-03
2.86001000e+01	2.84045000e-04
2.86501000e+01	-3.97818000e-03
2.87001000e+01	-8.05319000e-03
2.87501000e+01	-1.18688000e-02
2.88001000e+01	-1.53591000e-02
2.88501000e+01	-1.84660000e-02
2.89001000e+01	-2.11400000e-02
2.89501000e+01	-2.33421000e-02
2.90001000e+01	-2.50434000e-02
2.90502000e+01	-2.62261000e-02
2.91002000e+01	-2.68833000e-02
2.91502000e+01	-2.70184000e-02
2.92002000e+01	-2.66447000e-02
2.92502000e+01	-2.57845000e-02
2.93002000e+01	-2.44679000e-02
2.93502000e+01	-2.27319000e-02
2.94002000e+01	-2.06193000e-02
2.94502000e+01	-1.81773000e-02
2.95002000e+01	-1.54569000e-02
2.95503000e+01	-1.25121000e-02
2.96003000e+01	-9.39876000e-03
2.96503000e+01	-6.17404000e-03
2.97003000e+01	-2.89601000e-03
2.97503000e+01	3.77153000e-04
2.98003000e+01	3.58776000e-03
2.98503000e+01	6.67925000e-03
2.99003000e+01	9.59691000e-03
2.99503000e+01	1.22887000e-02
3.00003000e+01	1.47061000e-02
3.00503000e+01	1.68050000e-02
3.01004000e+01	1.85468000e-02
3.01504000e+01	1.98991000e-02
3.02004000e+01	2.08366000e-02
3.02504000e+01	2.13417000e-02
3.03004000e+01	2.14049000e-02
3.03504000e+01	2.10255000e-02
3.04004000e+01	2.02108000e-02
3.04504000e+01	1.89767000e-02
3.05004000e+01	1.73468000e-02
3.05504000e+01	1.53519000e-02
3.06005000e+01	1.30294000e-02
3.06505000e+01	1.04222000e-02
3.07005000e+01	7.57812000e-03
3.07505000e+01	4.54858000e-03
3.08005000e+01	1.38793000e-03
3.08505000e+01	-1.84767000e-03
3.09005000e+01	-5.10111000e-03
3.09505000e+01	-8.31534000e-03
3.10005000e+01	-1.14342000e-02
3.10505000e+01	-1.44033000e-02
3.11005000e+01	-1.71709000e-02
3.11506000e+01	-1.96889000e-02
3.12006000e+01	-2.19131000e-02
3.12506000e+01	-2.38044000e-02
3.13006000e+01	-2.53289000e-02
3.13506000e+01	-2.64587000e-02
3.14006000e+01	-2.71721000e-02
3.14506000e+01	-2.74537000e-02
3.15006000e+01	-2.72949000e-02
3.15506000e+01	-2.66937000e-02
3.16006000e+01	-2.56543000e-02
3.16506000e+01	-2.41879000e-02
3.17007000e+01	-2.23116000e-02
3.17507000e+01	-2.00486000e-02
3.18007000e+01	-1.74280000e-02
3.18507000e+01	-1.44840000e-02
3.19007000e+01	-1.12561000e-02
3.19507000e+01	-7.78821000e-03
3.20000000e+01	-4.18469000e-03
3.20507000e+01	-3.26783000e-04
3.21000000e+01	3.50256000e-03
3.21500000e+01	7.42296000e-03
3.22000000e+01	1.13195000e-02
3.22500000e+01	1.51354000e-02
3.23008000e+01	1.88690000e-02
3.23500000e+01	2.23025000e-02
3.24000000e+01	2.55469000e-02
3.24500000e+01	2.84986000e-02
3.25001000e+01	3.11122000e-02
3.25501000e+01	3.33467000e-02
3.26001000e+01	3.51661000e-02
3.26501000e+01	3.65398000e-02
3.27001000e+01	3.74434000e-02
3.27501000e+01	3.78586000e-02
3.28001000e+01	3.77738000e-02
3.28501000e+01	3.71845000e-02
3.29001000e+01	3.60928000e-02
3.29501000e+01	3.45082000e-02
3.30001000e+01	3.24469000e-02
3.30502000e+01	2.99321000e-02
3.31002000e+01	2.69934000e-02
3.31502000e+01	2.36666000e-02
3.32002000e+01	1.99930000e-02
3.32502000e+01	1.60190000e-02
3.33002000e+01	1.17952000e-02
3.33502000e+01	7.37576000e-03
3.34002000e+01	2.81771000e-03
3.34502000e+01	-1.82021000e-03
3.35002000e+01	-6.47822000e-03
3.35502000e+01	-1.10964000e-02
3.36003000e+01	-1.56155000e-02
3.36503000e+01	-1.99781000e-02
3.37003000e+01	-2.41286000e-02
3.37503000e+01	-2.80150000e-02
3.38003000e+01	-3.15885000e-02
3.38503000e+01	-3.48046000e-02
3.39003000e+01	-3.76238000e-02
3.39503000e+01	-4.00112000e-02
3.40003000e+01	-4.19376000e-02
3.40503000e+01	-4.33793000e-02
3.41004000e+01	-4.43184000e-02
3.41504000e+01	-4.47429000e-02
3.42004000e+01	-4.46469000e-02
3.42504000e+01	-4.40303000e-02
3.43004000e+01	-4.28990000e-02
3.43504000e+01	-4.12650000e-02
3.44004000e+01	-3.91458000e-02
3.44504000e+01	-3.65645000e-02
3.45004000e+01	-3.35497000e-02
3.45504000e+01	-3.01348000e-02
3.46004000e+01	-2.63583000e-02
3.46505000e+01	-2.22626000e-02
3.47005000e+01	-1.78942000e-02
3.47505000e+01	-1.33029000e-02
3.48005000e+01	-8.54126000e-03
3.48505000e+01	-3.66402000e-03
3.49005000e+01	1.27252000e-03
3.49505000e+01	6.21116000e-03
3.50005000e+01	1.10945000e-02
3.50505000e+01	1.58655000e-02
3.51005000e+01	2.04684000e-02
3.51505000e+01	2.48492000e-02
3.52006000e+01	2.89565000e-02
3.52506000e+01	3.27417000e-02
3.53006000e+01	3.61603000e-02
3.53506000e+01	3.91720000e-02
3.54006000e+01	4.17414000e-02
3.54506000e+01	4.38384000e-02
3.55006000e+01	4.54387000e-02
3.55506000e+01	4.65241000e-02
3.56006000e+01	4.70829000e-02
3.56506000e+01	4.71096000e-02
3.57007000e+01	4.66054000e-02
3.57507000e+01	4.55781000e-02
3.58007000e+01	4.40415000e-02
3.58507000e+01	4.20157000e-02
3.59007000e+01	3.95264000e-02
3.59507000e+01	3.66045000e-02
3.60007000e+01	3.32857000e-02
3.60507000e+01	2.96100000e-02
3.61000000e+01	2.56838000e-02
3.61500000e+01	2.14324000e-02
3.62000000e+01	1.69632000e-02
3.62500000e+01	1.23278000e-02
3.63008000e+01	7.50610000e-03
3.63500000e+01	2.76936000e-03
3.64000000e+01	-2.04642000e-03
3.64500000e+01	-6.81538000e-03
3.65000000e+01	-1.14852000e-02
3.65501000e+01	-1.60051000e-02
3.66001000e+01	-2.03263000e-02
3.66501000e+01	-2.44027000e-02
3.67001000e+01	-2.81914000e-02
3.67501000e+01	-3.16528000e-02
3.68001000e+01	-3.47515000e-02
3.68501000e+01	-3.74565000e-02
3.69001000e+01	-3.97412000e-02
3.69501000e+01	-4.15839000e-02
3.70001000e+01	-4.29682000e-02
3.70501000e+01	-4.38826000e-02
3.71002000e+01	-4.43210000e-02
3.71502000e+01	-4.42826000e-02
3.72002000e+01	-4.37716000e-02
3.72502000e+01	-4.27976000e-02
3.73002000e+01	-4.13749000e-02
3.73502000e+01	-3.95229000e-02
3.74002000e+01	-3.72653000e-02
3.74502000e+01	-3.46303000e-02
3.75002000e+01	-3.16499000e-02
3.75502000e+01	-2.83596000e-02
3.76003000e+01	-2.47981000e-02
3.76503000e+01	-2.10066000e-02
3.77003000e+01	-1.70287000e-02
3.77503000e+01	-1.29092000e-02
3.78003000e+01	-8.69401000e-03
3.78503000e+01	-4.42966000e-03
3.79003000e+01	-1.62446000e-04
3.79503000e+01	4.06188000e-03
3.80003000e+01	8.19868000e-03
3.80503000e+01	1.22049000e-02
3.81003000e+01	1.60394000e-02
3.81504000e+01	1.96635000e-02
3.82004000e+01	2.30414000e-02
3.82504000e+01	2.61402000e-02
3.83004000e+01	2.89306000e-02
3.83504000e+01	3.13870000e-02
3.84004000e+01	3.34875000e-02
3.84504000e+01	3.52147000e-02
3.85004000e+01	3.65553000e-02
3.85504000e+01	3.75005000e-02
3.86004000e+01	3.80460000e-02
3.86504000e+01	3.81921000e-02
3.87005000e+01	3.79433000e-02
3.87505000e+01	3.73085000e-02
3.88005000e+01	3.63008000e-02
3.88505000e+01	3.49370000e-02
3.89005000e+01	3.32376000e-02
3.89505000e+01	3.12263000e-02
3.90005000e+01	2.89294000e-02
3.90505000e+01	2.63758000e-02
3.91005000e+01	2.35963000e-02
3.91505000e+01	2.06235000e-02
3.92006000e+01	1.74907000e-02
3.92506000e+01	1.42322000e-02
3.93006000e+01	1.08828000e-02
3.93506000e+01	7.47684000e-03
3.94006000e+01	4.04875000e-03
3.94506000e+01	6.32137000e-04
3.95006000e+01	-2.74027000e-03
3.95506000e+01	-6.03683000e-03
3.96006000e+01	-9.22726000e-03
3.96506000e+01	-1.22828000e-02
3.97006000e+01	-1.51764000e-02
3.97507000e+01	-1.78827000e-02
3.98007000e+01	-2.03786000e-02
3.98507000e+01	-2.26430000e-02
3.99007000e+01	-2.46570000e-02
3.99507000e+01	-2.64043000e-02
4.00007000e+01	-2.78711000e-02
4.00507000e+01	-2.90463000e-02
4.01000000e+01	-2.99106000e-02
4.01507000e+01	-3.04919000e-02
4.02000000e+01	-3.07530000e-02
4.02500000e+01	-3.07140000e-02
4.03008000e+01	-3.03649000e-02
4.03500000e+01	-2.97352000e-02
4.04008000e+01	-2.87966000e-02
4.04500000e+01	-2.76180000e-02
4.05000000e+01	-2.61668000e-02
4.05508000e+01	-2.44504000e-02
4.06001000e+01	-2.25714000e-02
4.06501000e+01	-2.04706000e-02
4.07001000e+01	-1.82000000e-02
4.07501000e+01	-1.57853000e-02
4.08001000e+01	-1.32535000e-02
4.08501000e+01	-1.06321000e-02
4.09001000e+01	-7.94892000e-03
4.09501000e+01	-5.23194000e-03
4.10001000e+01	-2.50871000e-03
4.10501000e+01	1.93740000e-04
4.11002000e+01	2.84923000e-03
4.11502000e+01	5.43265000e-03
4.12002000e+01	7.92015000e-03
4.12502000e+01	1.02894000e-02
4.13002000e+01	1.25195000e-02
4.13502000e+01	1.45916000e-02
4.14002000e+01	1.64886000e-02
4.14502000e+01	1.81954000e-02
4.15002000e+01	1.96991000e-02
4.15502000e+01	2.09888000e-02
4.16002000e+01	2.20561000e-02
4.16503000e+01	2.28946000e-02
4.17003000e+01	2.35003000e-02
4.17503000e+01	2.38715000e-02
4.18003000e+01	2.40087000e-02
4.18503000e+01	2.39144000e-02
4.19003000e+01	2.35935000e-02
4.19503000e+01	2.30526000e-02
4.20003000e+01	2.23007000e-02
4.20503000e+01	2.13481000e-02
4.21003000e+01	2.02070000e-02
4.21504000e+01	1.88913000e-02
4.22004000e+01	1.74162000e-02
4.22504000e+01	1.57981000e-02
4.23004000e+01	1.40546000e-02
4.23504000e+01	1.22043000e-02
4.24004000e+01	1.02665000e-02
4.24504000e+01	8.26102000e-03
4.25004000e+01	6.20821000e-03
4.25504000e+01	4.12849000e-03
4.26004000e+01	2.04230000e-03
4.26504000e+01	-3.01640000e-05
4.27005000e+01	-2.06913000e-03
4.27505000e+01	-4.05546000e-03
4.28005000e+01	-5.97081000e-03
4.28505000e+01	-7.79780000e-03
4.29005000e+01	-9.52020000e-03
4.29505000e+01	-1.11230000e-02
4.30005000e+01	-1.25926000e-02
4.30505000e+01	-1.39169000e-02
4.31005000e+01	-1.50853000e-02
4.31505000e+01	-1.60890000e-02
4.32005000e+01	-1.69208000e-02
4.32506000e+01	-1.75753000e-02
4.33006000e+01	-1.80490000e-02
4.33506000e+01	-1.83401000e-02
4.34006000e+01	-1.84490000e-02
4.34506000e+01	-1.83776000e-02
4.35006000e+01	-1.81300000e-02
4.35506000e+01	-1.77116000e-02
4.36006000e+01	-1.71301000e-02
4.36506000e+01	-1.63943000e-02
4.37006000e+01	-1.55147000e-02
4.37506000e+01	-1.45029000e-02
4.38007000e+01	-1.33718000e-02
4.38507000e+01	-1.21350000e-02
4.39007000e+01	-1.08070000e-02
4.39507000e+01	-9.40270000e-03
4.40007000e+01	-7.93737000e-03
4.40507000e+01	-6.42636000e-03
4.41000000e+01	-4.90855000e-03
4.41507000e+01	-3.32860000e-03
4.42000000e+01	-1.79539000e-03
4.42500000e+01	-2.52487000e-04
4.43008000e+01	1.28526000e-03
4.43500000e+01	2.73658000e-03
4.44008000e+01	4.17800000e-03
4.44500000e+01	5.51195000e-03
4.45000000e+01	6.79067000e-03
4.45508000e+01	8.00050000e-03
4.46001000e+01	9.08036000e-03
4.46501000e+01	1.00743000e-02
4.47001000e+01	1.09581000e-02
4.47501000e+01	1.17258000e-02
4.48001000e+01	1.23726000e-02
4.48501000e+01	1.28950000e-02
4.49001000e+01	1.32904000e-02
4.49501000e+01	1.35573000e-02
4.50001000e+01	1.36954000e-02
4.50501000e+01	1.37056000e-02
4.51001000e+01	1.35896000e-02
4.51502000e+01	1.33505000e-02
4.52002000e+01	1.29922000e-02
4.52502000e+01	1.25197000e-02
4.53002000e+01	1.19389000e-02
4.53502000e+01	1.12567000e-02
4.54002000e+01	1.04809000e-02
4.54502000e+01	9.61988000e-03
4.55002000e+01	8.68303000e-03
4.55502000e+01	7.68015000e-03
4.56002000e+01	6.62159000e-03
4.56502000e+01	5.51812000e-03
4.57003000e+01	4.38074000e-03
4.57503000e+01	3.22063000e-03
4.58003000e+01	2.04898000e-03
4.58503000e+01	8.76902000e-04
4.59003000e+01	-2.84670000e-04
4.59503000e+01	-1.42512000e-03
4.60003000e+01	-2.53417000e-03
4.60503000e+01	-3.60203000e-03
4.61003000e+01	-4.61942000e-03
4.61503000e+01	-5.57762000e-03
4.62004000e+01	-6.46859000e-03
4.62504000e+01	-7.28496000e-03
4.63004000e+01	-8.02014000e-03
4.63504000e+01	-8.66831000e-03
4.64004000e+01	-9.22454000e-03
4.64504000e+01	-9.68479000e-03
4.65004000e+01	-1.00460000e-02
4.65504000e+01	-1.03060000e-02
4.66004000e+01	-1.04638000e-02
4.66504000e+01	-1.05193000e-02
4.67004000e+01	-1.04735000e-02
4.67505000e+01	-1.03283000e-02
4.68005000e+01	-1.00869000e-02
4.68505000e+01	-9.75317000e-03
4.69005000e+01	-9.33191000e-03
4.69505000e+01	-8.82883000e-03
4.70005000e+01	-8.25034000e-03
4.70505000e+01	-7.60352000e-03
4.71005000e+01	-6.89598000e-03
4.71505000e+01	-6.13581000e-03
4.72005000e+01	-5.33143000e-03
4.72506000e+01	-4.49151000e-03
4.73006000e+01	-3.62485000e-03
4.73506000e+01	-2.74032000e-03
4.74006000e+01	-1.84669000e-03
4.74506000e+01	-9.52613000e-04
4.75006000e+01	-6.65008000e-05
4.75506000e+01	8.03539000e-04
4.76006000e+01	1.64977000e-03
4.76506000e+01	2.46487000e-03
4.77006000e+01	3.24203000e-03
4.77506000e+01	3.97491000e-03
4.78007000e+01	4.65775000e-03
4.78507000e+01	5.28533000e-03
4.79007000e+01	5.85302000e-03
4.79507000e+01	6.35682000e-03
4.80007000e+01	6.79329000e-03
4.80507000e+01	7.15966000e-03
4.81000000e+01	7.44986000e-03
4.81507000e+01	7.67410000e-03
4.82000000e+01	7.81815000e-03
4.82500000e+01	7.89015000e-03
4.83007000e+01	7.88718000e-03
4.83500000e+01	7.81218000e-03
4.84008000e+01	7.66238000e-03
4.84500000e+01	7.44913000e-03
4.85000000e+01	7.16723000e-03
4.85508000e+01	6.81746000e-03
4.86000000e+01	6.42108000e-03
4.86501000e+01	5.96585000e-03
4.87001000e+01	5.46262000e-03
4.87501000e+01	4.91700000e-03
4.88001000e+01	4.33486000e-03
4.88501000e+01	3.72233000e-03
4.89001000e+01	3.08571000e-03
4.89501000e+01	2.43137000e-03
4.90001000e+01	1.76572000e-03
4.90501000e+01	1.09511000e-03
4.91001000e+01	4.25838000e-04
4.91502000e+01	-2.35979000e-04
4.92002000e+01	-8.84392000e-04
4.92502000e+01	-1.51370000e-03
4.93002000e+01	-2.11846000e-03
4.93502000e+01	-2.69354000e-03
4.94002000e+01	-3.23417000e-03
4.94502000e+01	-3.73595000e-03
4.95002000e+01	-4.19491000e-03
4.95502000e+01	-4.60752000e-03
4.96002000e+01	-4.97074000e-03
4.96502000e+01	-5.28204000e-03
4.97003000e+01	-5.53942000e-03
4.97503000e+01	-5.74142000e-03
4.98003000e+01	-5.88715000e-03
4.98503000e+01	-5.97629000e-03
4.99003000e+01	-6.00902000e-03
4.99503000e+01	-5.98613000e-03
5.00003000e+01	-5.90886000e-03
5.00503000e+01	-5.77900000e-03
5.01003000e+01	-5.59876000e-03
5.01503000e+01	-5.37079000e-03
5.02003000e+01	-5.09812000e-03
5.02504000e+01	-4.78413000e-03
5.03004000e+01	-4.43249000e-03
5.03504000e+01	-4.04712000e-03
5.04004000e+01	-3.63214000e-03
5.04504000e+01	-3.19182000e-03
5.05004000e+01	-2.73056000e-03
5.05504000e+01	-2.25278000e-03
5.06004000e+01	-1.76296000e-03
5.06504000e+01	-1.26553000e-03
5.07004000e+01	-7.64863000e-04
5.07505000e+01	-2.65255000e-04
5.08005000e+01	2.29130000e-04
5.08505000e+01	7.14273000e-04
5.09005000e+01	1.18631000e-03
5.09505000e+01	1.64154000e-03
5.10005000e+01	2.07648000e-03
5.10505000e+01	2.48782000e-03
5.11005000e+01	2.87246000e-03
5.11505000e+01	3.22753000e-03
5.12005000e+01	3.55038000e-03
5.12505000e+01	3.83864000e-03
5.13006000e+01	4.09017000e-03
5.13506000e+01	4.30313000e-03
5.14006000e+01	4.47598000e-03
5.14506000e+01	4.60749000e-03
5.15006000e+01	4.69679000e-03
5.15506000e+01	4.74335000e-03
5.16006000e+01	4.74699000e-03
5.16506000e+01	4.70791000e-03
5.17006000e+01	4.62668000e-03
5.17506000e+01	4.50424000e-03
5.18006000e+01	4.34189000e-03
5.18507000e+01	4.14125000e-03
5.19007000e+01	3.90434000e-03
5.19507000e+01	3.63346000e-03
5.20007000e+01	3.33123000e-03
5.20507000e+01	3.00056000e-03
5.21007000e+01	2.64466000e-03
5.21507000e+01	2.26695000e-03
5.22000000e+01	1.87723000e-03
5.22500000e+01	1.46730000e-03
5.23007000e+01	1.04063000e-03
5.23500000e+01	6.20643000e-04
5.24008000e+01	1.85811000e-04
5.24500000e+01	-2.33725000e-04
5.25000000e+01	-6.53161000e-04
5.25508000e+01	-1.06792000e-03
5.26000000e+01	-1.45565000e-03
5.26501000e+01	-1.83072000e-03
5.27001000e+01	-2.18336000e-03
5.27501000e+01	-2.51012000e-03
5.28001000e+01	-2.80791000e-03
5.28501000e+01	-3.07392000e-03
5.29001000e+01	-3.30575000e-03
5.29501000e+01	-3.50140000e-03
5.30001000e+01	-3.65929000e-03
5.30501000e+01	-3.77828000e-03
5.31001000e+01	-3.85770000e-03
5.31501000e+01	-3.89732000e-03
5.32002000e+01	-3.89739000e-03
5.32502000e+01	-3.85862000e-03
5.33002000e+01	-3.78218000e-03
5.33502000e+01	-3.66967000e-03
5.34002000e+01	-3.52307000e-03
5.34502000e+01	-3.34476000e-03
5.35002000e+01	-3.13746000e-03
5.35502000e+01	-2.90413000e-03
5.36002000e+01	-2.64801000e-03
5.36502000e+01	-2.37246000e-03
5.37002000e+01	-2.08099000e-03
5.37503000e+01	-1.77716000e-03
5.38003000e+01	-1.46449000e-03
5.38503000e+01	-1.14649000e-03
5.39003000e+01	-8.26539000e-04
5.39503000e+01	-5.07872000e-04
5.40003000e+01	-1.93550000e-04
5.40503000e+01	1.13577000e-04
5.41003000e+01	4.10887000e-04
5.41503000e+01	6.96003000e-04
5.42003000e+01	9.66799000e-04
5.42504000e+01	1.22141000e-03
5.43004000e+01	1.45822000e-03
5.43504000e+01	1.67588000e-03
5.44004000e+01	1.87328000e-03
5.44504000e+01	2.04957000e-03
5.45004000e+01	2.20411000e-03
5.45504000e+01	2.33651000e-03
5.46004000e+01	2.44654000e-03
5.46504000e+01	2.53421000e-03
5.47004000e+01	2.59967000e-03
5.47504000e+01	2.64325000e-03
5.48005000e+01	2.66540000e-03
5.48505000e+01	2.66668000e-03
5.49005000e+01	2.64777000e-03
5.49505000e+01	2.60945000e-03
5.50005000e+01	2.55252000e-03
5.50505000e+01	2.47790000e-03
5.51005000e+01	2.38651000e-03
5.51505000e+01	2.27936000e-03
5.52005000e+01	2.15744000e-03
5.52505000e+01	2.02182000e-03
5.53005000e+01	1.87358000e-03
5.53506000e+01	1.71383000e-03
5.54006000e+01	1.54370000e-03
5.54506000e+01	1.36436000e-03
5.55006000e+01	1.17699000e-03
5.55506000e+01	9.82802000e-04
5.56006000e+01	7.83047000e-04
5.56506000e+01	5.78988000e-04
5.57006000e+01	3.71925000e-04
5.57506000e+01	1.63188000e-04
5.58006000e+01	-4.58612000e-05
5.58507000e+01	-2.53825000e-04
5.59007000e+01	-4.59277000e-04
5.59507000e+01	-6.60754000e-04
5.60007000e+01	-8.56776000e-04
5.60507000e+01	-1.04584000e-03
5.61007000e+01	-1.22644000e-03
5.61507000e+01	-1.39708000e-03
5.62000000e+01	-1.55398000e-03
5.62500000e+01	-1.70054000e-03
5.63007000e+01	-1.83482000e-03
5.63500000e+01	-1.94987000e-03
5.64008000e+01	-2.05160000e-03
5.64500000e+01	-2.13297000e-03
5.65000000e+01	-2.19728000e-03
5.65508000e+01	-2.24299000e-03
5.66000000e+01	-2.26803000e-03
5.66508000e+01	-2.27362000e-03
5.67001000e+01	-2.25936000e-03
5.67501000e+01	-2.22514000e-03
5.68001000e+01	-2.17136000e-03
5.68501000e+01	-2.09852000e-03
5.69001000e+01	-2.00735000e-03
5.69501000e+01	-1.89873000e-03
5.70001000e+01	-1.77373000e-03
5.70501000e+01	-1.63358000e-03
5.71001000e+01	-1.47966000e-03
5.71501000e+01	-1.31348000e-03
5.72002000e+01	-1.13667000e-03
5.72502000e+01	-9.50980000e-04
5.73002000e+01	-7.58213000e-04
5.73502000e+01	-5.60256000e-04
5.74002000e+01	-3.59033000e-04
5.74502000e+01	-1.56479000e-04
5.75002000e+01	4.54685000e-05
5.75502000e+01	2.44898000e-04
5.76002000e+01	4.39949000e-04
5.76502000e+01	6.28830000e-04
5.77002000e+01	8.09834000e-04
5.77503000e+01	9.81359000e-04
5.78003000e+01	1.14192000e-03
5.78503000e+01	1.29017000e-03
5.79003000e+01	1.42491000e-03
5.79503000e+01	1.54506000e-03
5.80003000e+01	1.64972000e-03
5.80503000e+01	1.73817000e-03
5.81003000e+01	1.80983000e-03
5.81503000e+01	1.86430000e-03
5.82003000e+01	1.90135000e-03
5.82503000e+01	1.92094000e-03
5.83004000e+01	1.92317000e-03
5.83504000e+01	1.90833000e-03
5.84004000e+01	1.87686000e-03
5.84504000e+01	1.82935000e-03
5.85004000e+01	1.76653000e-03
5.85504000e+01	1.68926000e-03
5.86004000e+01	1.59850000e-03
5.86504000e+01	1.49534000e-03
5.87004000e+01	1.38092000e-03
5.87504000e+01	1.25647000e-03
5.88004000e+01	1.12325000e-03
5.88505000e+01	9.82606000e-04
5.89005000e+01	8.35871000e-04
5.89505000e+01	6.84422000e-04
5.90005000e+01	5.29644000e-04
5.90505000e+01	3.72919000e-04
5.91005000e+01	2.15626000e-04
5.91505000e+01	5.91267000e-05
5.92005000e+01	-9.52347000e-05
5.92505000e+01	-2.46161000e-04
5.93005000e+01	-3.92388000e-04
5.93506000e+01	-5.32718000e-04
5.94006000e+01	-6.66013000e-04
5.94506000e+01	-7.91222000e-04
5.95006000e+01	-9.07383000e-04
5.95506000e+01	-1.01363000e-03
5.96006000e+01	-1.10922000e-03
5.96506000e+01	-1.19351000e-03
5.97006000e+01	-1.26598000e-03
5.97506000e+01	-1.32624000e-03
5.98006000e+01	-1.37404000e-03
5.98506000e+01	-1.40922000e-03
5.99007000e+01	-1.43177000e-03
5.99507000e+01	-1.44179000e-03
6.00007000e+01	-1.43950000e-03
6.00507000e+01	-1.42522000e-03
6.01007000e+01	-1.39938000e-03
6.01507000e+01	-1.36250000e-03
6.02000000e+01	-1.31598000e-03
6.02500000e+01	-1.25908000e-03
6.03007000e+01	-1.19211000e-03
6.03500000e+01	-1.11909000e-03
6.04008000e+01	-1.03639000e-03
6.04500000e+01	-9.49813000e-04
6.05000000e+01	-8.56437000e-04
6.05508000e+01	-7.56950000e-04
6.06000000e+01	-6.56832000e-04
6.06508000e+01	-5.50868000e-04
6.07001000e+01	-4.46278000e-04
6.07501000e+01	-3.39160000e-04
6.08001000e+01	-2.31977000e-04
6.08501000e+01	-1.25566000e-04
6.09001000e+01	-2.07194000e-05
6.09501000e+01	8.18043000e-05
6.10001000e+01	1.81300000e-04
6.10501000e+01	2.77103000e-04
6.11001000e+01	3.68613000e-04
6.11501000e+01	4.55276000e-04
6.12001000e+01	5.36616000e-04
6.12502000e+01	6.12208000e-04
6.13002000e+01	6.81702000e-04
6.13502000e+01	7.44814000e-04
6.14002000e+01	8.01325000e-04
6.14502000e+01	8.51083000e-04
6.15002000e+01	8.93999000e-04
6.15502000e+01	9.30026000e-04
6.16002000e+01	9.59175000e-04
6.16502000e+01	9.81494000e-04
6.17002000e+01	9.97058000e-04
6.17502000e+01	1.00596000e-03
6.18003000e+01	1.00834000e-03
6.18503000e+01	1.00430000e-03
6.19003000e+01	9.94001000e-04
6.19503000e+01	9.77574000e-04
6.20003000e+01	9.55185000e-04
6.20503000e+01	9.26984000e-04
6.21003000e+01	8.93150000e-04
6.21503000e+01	8.53871000e-04
6.22003000e+01	8.09353000e-04
6.22503000e+01	7.59827000e-04
6.23004000e+01	7.05548000e-04
6.23504000e+01	6.46802000e-04
6.24004000e+01	5.83906000e-04
6.24504000e+01	5.17209000e-04
6.25004000e+01	4.47096000e-04
6.25504000e+01	3.73979000e-04
6.26004000e+01	2.98309000e-04
6.26504000e+01	2.20561000e-04
6.27004000e+01	1.41243000e-04
6.27504000e+01	6.08840000e-05
6.28004000e+01	-1.99613000e-05
6.28505000e+01	-1.00724000e-04
6.29005000e+01	-1.80822000e-04
6.29505000e+01	-2.59660000e-04
6.30005000e+01	-3.36648000e-04
6.30505000e+01	-4.11185000e-04
6.31005000e+01	-4.82692000e-04
6.31505000e+01	-5.50594000e-04
6.32005000e+01	-6.14341000e-04
6.32505000e+01	-6.73401000e-04
6.33005000e+01	-7.27278000e-04
6.33505000e+01	-7.75505000e-04
6.34006000e+01	-8.17662000e-04
6.34506000e+01	-8.53362000e-04
6.35006000e+01	-8.82273000e-04
6.35506000e+01	-9.04112000e-04
6.36006000e+01	-9.18647000e-04
6.36506000e+01	-9.25713000e-04
6.37006000e+01	-9.25209000e-04
6.37506000e+01	-9.17092000e-04
6.38006000e+01	-9.01404000e-04
6.38506000e+01	-8.78255000e-04
6.39007000e+01	-8.47834000e-04
6.39507000e+01	-8.10410000e-04
6.40007000e+01	-7.66328000e-04
6.40507000e+01	-7.16013000e-04
6.41007000e+01	-6.59958000e-04
6.41507000e+01	-5.98723000e-04
6.42000000e+01	-5.33958000e-04
6.42500000e+01	-4.64327000e-04
6.43000000e+01	-3.91495000e-04
6.43507000e+01	-3.15047000e-04
6.44000000e+01	-2.39193000e-04
6.44500000e+01	-1.61221000e-04
6.45000000e+01	-8.30294000e-05
6.45500000e+01	-5.34881000e-06
6.46008000e+01	7.22600000e-05
6.46500000e+01	1.45686000e-04
6.47000000e+01	2.17741000e-04
6.47501000e+01	2.86679000e-04
6.48001000e+01	3.51967000e-04
6.48501000e+01	4.13115000e-04
6.49001000e+01	4.69690000e-04
6.49501000e+01	5.21316000e-04
6.50001000e+01	5.67680000e-04
6.50501000e+01	6.08532000e-04
6.51001000e+01	6.43676000e-04
6.51501000e+01	6.72992000e-04
6.52001000e+01	6.96412000e-04
6.52501000e+01	7.13939000e-04
6.53002000e+01	7.25624000e-04
6.53502000e+01	7.31586000e-04
6.54002000e+01	7.31980000e-04
6.54502000e+01	7.27021000e-04
6.55002000e+01	7.16951000e-04
6.55502000e+01	7.02050000e-04
6.56002000e+01	6.82619000e-04
6.56502000e+01	6.58982000e-04
6.57002000e+01	6.31473000e-04
6.57502000e+01	6.00436000e-04
6.58003000e+01	5.66213000e-04
6.58503000e+01	5.29143000e-04
6.59003000e+01	4.89565000e-04
6.59503000e+01	4.47806000e-04
6.60003000e+01	4.04174000e-04
6.60503000e+01	3.58982000e-04
6.61003000e+01	3.12516000e-04
6.61503000e+01	2.65049000e-04
6.62003000e+01	2.16845000e-04
6.62503000e+01	1.68147000e-04
6.63003000e+01	1.19192000e-04
6.63504000e+01	7.01955000e-05
6.64004000e+01	2.13708000e-05
6.64504000e+01	-2.70826000e-05
6.65004000e+01	-7.49680000e-05
6.65504000e+01	-1.22096000e-04
6.66004000e+01	-1.68282000e-04
6.66504000e+01	-2.13332000e-04
6.67004000e+01	-2.57053000e-04
6.67504000e+01	-2.99250000e-04
6.68004000e+01	-3.39727000e-04
6.68504000e+01	-3.78272000e-04
6.69005000e+01	-4.14681000e-04
6.69505000e+01	-4.48737000e-04
6.70005000e+01	-4.80229000e-04
6.70505000e+01	-5.08944000e-04
6.71005000e+01	-5.34666000e-04
6.71505000e+01	-5.57194000e-04
6.72005000e+01	-5.76324000e-04
6.72505000e+01	-5.91870000e-04
6.73005000e+01	-6.03654000e-04
6.73505000e+01	-6.11516000e-04
6.74005000e+01	-6.15310000e-04
6.74506000e+01	-6.14915000e-04
6.75006000e+01	-6.10231000e-04
6.75506000e+01	-6.01189000e-04
6.76006000e+01	-5.87751000e-04
6.76506000e+01	-5.69906000e-04
6.77006000e+01	-5.47698000e-04
6.77506000e+01	-5.21196000e-04
6.78006000e+01	-4.90520000e-04
6.78506000e+01	-4.55842000e-04
6.79006000e+01	-4.17366000e-04
6.79507000e+01	-3.75356000e-04
6.80007000e+01	-3.30107000e-04
6.80507000e+01	-2.81969000e-04
6.81007000e+01	-2.31320000e-04
6.81507000e+01	-1.78580000e-04
6.82007000e+01	-1.24189000e-04
6.82500000e+01	-6.94707000e-05
6.83000000e+01	-1.32195000e-05
6.83507000e+01	4.40815000e-05
6.84000000e+01	9.93649000e-05
6.84500000e+01	1.54683000e-04
6.85000000e+01	2.08675000e-04
6.85500000e+01	2.60851000e-04
6.86008000e+01	3.11468000e-04
6.86500000e+01	3.57860000e-04
6.87000000e+01	4.01811000e-04
6.87500000e+01	4.42190000e-04
6.88001000e+01	4.78638000e-04
6.88501000e+01	5.10847000e-04
6.89001000e+01	5.38555000e-04
6.89501000e+01	5.61550000e-04
6.90001000e+01	5.79678000e-04
6.90501000e+01	5.92842000e-04
6.91001000e+01	6.00997000e-04
6.91501000e+01	6.04161000e-04
6.92001000e+01	6.02398000e-04
6.92501000e+01	5.95828000e-04
6.93001000e+01	5.84622000e-04
6.93502000e+01	5.68986000e-04
6.94002000e+01	5.49171000e-04
6.94502000e+01	5.25456000e-04
6.95002000e+01	4.98153000e-04
6.95502000e+01	4.67591000e-04
6.96002000e+01	4.34121000e-04
6.96502000e+01	3.98106000e-04
6.97002000e+01	3.59914000e-04
6.97502000e+01	3.19921000e-04
6.98002000e+01	2.78496000e-04
6.98503000e+01	2.36005000e-04
6.99003000e+01	1.92808000e-04
6.99503000e+01	1.49246000e-04
7.00003000e+01	1.05645000e-04
7.00503000e+01	6.23108000e-05
7.01003000e+01	1.95256000e-05
7.01503000e+01	-2.24521000e-05
7.02003000e+01	-6.33923000e-05
7.02503000e+01	-1.03094000e-04
7.03003000e+01	-1.41376000e-04
7.03503000e+01	-1.78092000e-04
7.04004000e+01	-2.13116000e-04
7.04504000e+01	-2.46345000e-04
7.05004000e+01	-2.77698000e-04
7.05504000e+01	-3.07115000e-04
7.06004000e+01	-3.34544000e-04
7.06504000e+01	-3.59950000e-04
7.07004000e+01	-3.83306000e-04
7.07504000e+01	-4.04585000e-04
7.08004000e+01	-4.23772000e-04
7.08504000e+01	-4.40840000e-04
7.09005000e+01	-4.55767000e-04
7.09505000e+01	-4.68520000e-04
7.10005000e+01	-4.79062000e-04
7.10505000e+01	-4.87343000e-04
7.11005000e+01	-4.93304000e-04
7.11505000e+01	-4.96882000e-04
7.12005000e+01	-4.97995000e-04
7.12505000e+01	-4.96559000e-04
7.13005000e+01	-4.92483000e-04
7.13505000e+01	-4.85679000e-04
7.14005000e+01	-4.76050000e-04
7.14506000e+01	-4.63516000e-04
7.15006000e+01	-4.47996000e-04
7.15506000e+01	-4.29428000e-04
7.16006000e+01	-4.07766000e-04
7.16506000e+01	-3.82995000e-04
7.17006000e+01	-3.55110000e-04
7.17506000e+01	-3.24147000e-04
7.18006000e+01	-2.90174000e-04
7.18506000e+01	-2.53285000e-04
7.19006000e+01	-2.13612000e-04
7.19507000e+01	-1.71325000e-04
7.20007000e+01	-1.26633000e-04
7.20507000e+01	-7.97758000e-05
7.21007000e+01	-3.10360000e-05
7.21507000e+01	1.92738000e-05
7.22007000e+01	7.08008000e-05
7.22507000e+01	1.23162000e-04
7.23000000e+01	1.75136000e-04
7.23507000e+01	2.28687000e-04
7.24000000e+01	2.80148000e-04
7.24500000e+01	3.31426000e-04
7.25000000e+01	3.81214000e-04
7.25500000e+01	4.28997000e-04
7.26008000e+01	4.74919000e-04
7.26500000e+01	5.16472000e-04
7.27000000e+01	5.55145000e-04
7.27500000e+01	5.89789000e-04
7.28000000e+01	6.19950000e-04
7.28501000e+01	6.45200000e-04
7.29001000e+01	6.65163000e-04
7.29501000e+01	6.79510000e-04
7.30001000e+01	6.87959000e-04
7.30501000e+01	6.90296000e-04
7.31001000e+01	6.86371000e-04
7.31501000e+01	6.76098000e-04
7.32001000e+01	6.59461000e-04
7.32501000e+01	6.36519000e-04
7.33001000e+01	6.07399000e-04
7.33502000e+01	5.72305000e-04
7.34002000e+01	5.31509000e-04
7.34502000e+01	4.85352000e-04
7.35002000e+01	4.34243000e-04
7.35502000e+01	3.78650000e-04
7.36002000e+01	3.19098000e-04
7.36502000e+01	2.56164000e-04
7.37002000e+01	1.90466000e-04
7.37502000e+01	1.22659000e-04
7.38002000e+01	5.34264000e-05
7.38503000e+01	-1.65309000e-05
7.39003000e+01	-8.64993000e-05
7.39503000e+01	-1.55764000e-04
7.40003000e+01	-2.23623000e-04
7.40503000e+01	-2.89382000e-04
7.41003000e+01	-3.52381000e-04
7.41503000e+01	-4.11983000e-04
7.42003000e+01	-4.67600000e-04
7.42503000e+01	-5.18683000e-04
7.43003000e+01	-5.64743000e-04
7.43503000e+01	-6.05342000e-04
7.44004000e+01	-6.40113000e-04
7.44504000e+01	-6.68753000e-04
7.45004000e+01	-6.91022000e-04
7.45504000e+01	-7.06763000e-04
7.46004000e+01	-7.15885000e-04
7.46504000e+01	-7.18373000e-04
7.47004000e+01	-7.14280000e-04
7.47504000e+01	-7.03736000e-04
7.48004000e+01	-6.86934000e-04
7.48504000e+01	-6.64126000e-04
7.49004000e+01	-6.35626000e-04
7.49505000e+01	-6.01799000e-04
7.50005000e+01	-5.63061000e-04
7.50505000e+01	-5.19860000e-04
7.51005000e+01	-4.72685000e-04
7.51505000e+01	-4.22047000e-04
7.52005000e+01	-3.68478000e-04
7.52505000e+01	-3.12528000e-04
7.53005000e+01	-2.54748000e-04
7.53505000e+01	-1.95694000e-04
7.54005000e+01	-1.35916000e-04
7.54506000e+01	-7.59559000e-05
7.55006000e+01	-1.63397000e-05
7.55506000e+01	4.24351000e-05
7.56006000e+01	9.98810000e-05
7.56506000e+01	1.55552000e-04
7.57006000e+01	2.09034000e-04
7.57506000e+01	2.59941000e-04
7.58006000e+01	3.07934000e-04
7.58506000e+01	3.52708000e-04
7.59006000e+01	3.94002000e-04
7.59506000e+01	4.31592000e-04
7.60007000e+01	4.65297000e-04
7.60507000e+01	4.94974000e-04
7.61007000e+01	5.20515000e-04
7.61507000e+01	5.41848000e-04
7.62007000e+01	5.58935000e-04
7.62507000e+01	5.71764000e-04
7.63000000e+01	5.80251000e-04
7.63507000e+01	5.84737000e-04
7.64000000e+01	5.85013000e-04
7.64500000e+01	5.81270000e-04
7.65000000e+01	5.73575000e-04
7.65500000e+01	5.62046000e-04
7.66008000e+01	5.46558000e-04
7.66500000e+01	5.28035000e-04
7.67000000e+01	5.05860000e-04
7.67500000e+01	4.80466000e-04
7.68008000e+01	4.51581000e-04
7.68501000e+01	4.20755000e-04
7.69001000e+01	3.86830000e-04
7.69501000e+01	3.50469000e-04
7.70001000e+01	3.11889000e-04
7.70501000e+01	2.71311000e-04
7.71001000e+01	2.28978000e-04
7.71501000e+01	1.85123000e-04
7.72001000e+01	1.39998000e-04
7.72501000e+01	9.38584000e-05
7.73001000e+01	4.69760000e-05
7.73502000e+01	-3.75076000e-07
7.74002000e+01	-4.79133000e-05
7.74502000e+01	-9.53446000e-05
7.75002000e+01	-1.42365000e-04
7.75502000e+01	-1.88669000e-04
7.76002000e+01	-2.33941000e-04
7.76502000e+01	-2.77864000e-04
7.77002000e+01	-3.20116000e-04
7.77502000e+01	-3.60379000e-04
7.78002000e+01	-3.98337000e-04
7.78502000e+01	-4.33673000e-04
7.79003000e+01	-4.66085000e-04
7.79503000e+01	-4.95281000e-04
7.80003000e+01	-5.20982000e-04
7.80503000e+01	-5.42927000e-04
7.81003000e+01	-5.60877000e-04
7.81503000e+01	-5.74622000e-04
7.82003000e+01	-5.83971000e-04
7.82503000e+01	-5.88776000e-04
7.83003000e+01	-5.88912000e-04
7.83503000e+01	-5.84299000e-04
7.84003000e+01	-5.74897000e-04
7.84504000e+01	-5.60704000e-04
7.85004000e+01	-5.41764000e-04
7.85504000e+01	-5.18162000e-04
7.86004000e+01	-4.90035000e-04
7.86504000e+01	-4.57559000e-04
7.87004000e+01	-4.20959000e-04
7.87504000e+01	-3.80499000e-04
7.88004000e+01	-3.36492000e-04
7.88504000e+01	-2.89282000e-04
7.89004000e+01	-2.39259000e-04
7.89504000e+01	-1.86843000e-04
7.90005000e+01	-1.32485000e-04
7.90505000e+01	-7.66672000e-05
7.91005000e+01	-1.98872000e-05
7.91505000e+01	3.73342000e-05
7.92005000e+01	9.44631000e-05
7.92505000e+01	1.50963000e-04
7.93005000e+01	2.06293000e-04
7.93505000e+01	2.59921000e-04
7.94005000e+01	3.11325000e-04
7.94505000e+01	3.60005000e-04
7.95006000e+01	4.05480000e-04
7.95506000e+01	4.47308000e-04
7.96006000e+01	4.85078000e-04
7.96506000e+01	5.18422000e-04
7.97006000e+01	5.47023000e-04
7.97506000e+01	5.70608000e-04
7.98006000e+01	5.88959000e-04
7.98506000e+01	6.01916000e-04
7.99006000e+01	6.09373000e-04
7.99506000e+01	6.11281000e-04
8.00006000e+01	6.07650000e-04
8.00507000e+01	5.98541000e-04
8.01007000e+01	5.84079000e-04
8.01507000e+01	5.64434000e-04
8.02007000e+01	5.39832000e-04
8.02507000e+01	5.10542000e-04
8.03007000e+01	4.76882000e-04
8.03507000e+01	4.39210000e-04
8.04000000e+01	3.98574000e-04
8.04500000e+01	3.54142000e-04
8.05000000e+01	3.06971000e-04
8.05507000e+01	2.56774000e-04
8.06008000e+01	2.05553000e-04
8.06500000e+01	1.53880000e-04
8.07000000e+01	1.00672000e-04
8.07500000e+01	4.72281000e-05
8.08008000e+01	-6.74816000e-06
8.08501000e+01	-5.83618000e-05
8.09001000e+01	-1.09541000e-04
8.09501000e+01	-1.59032000e-04
8.10001000e+01	-2.06407000e-04
8.10501000e+01	-2.51279000e-04
8.11001000e+01	-2.93284000e-04
8.11501000e+01	-3.32101000e-04
8.12001000e+01	-3.67450000e-04
8.12501000e+01	-3.99095000e-04
8.13001000e+01	-4.26836000e-04
8.13501000e+01	-4.50520000e-04
8.14002000e+01	-4.70036000e-04
8.14502000e+01	-4.85316000e-04
8.15002000e+01	-4.96332000e-04
8.15502000e+01	-5.03095000e-04
8.16002000e+01	-5.05656000e-04
8.16502000e+01	-5.04098000e-04
8.17002000e+01	-4.98536000e-04
8.17502000e+01	-4.89121000e-04
8.18002000e+01	-4.76028000e-04
8.18502000e+01	-4.59453000e-04
8.19002000e+01	-4.39616000e-04
8.19503000e+01	-4.16763000e-04
8.20003000e+01	-3.91143000e-04
8.20503000e+01	-3.63025000e-04
8.21003000e+01	-3.32689000e-04
8.21503000e+01	-3.00421000e-04
8.22003000e+01	-2.66507000e-04
8.22503000e+01	-2.31243000e-04
8.23003000e+01	-1.94914000e-04
8.23503000e+01	-1.57812000e-04
8.24003000e+01	-1.20213000e-04
8.24503000e+01	-8.23902000e-05
8.25004000e+01	-4.46071000e-05
8.25504000e+01	-7.11051000e-06
8.26004000e+01	2.98616000e-05
8.26504000e+01	6.60866000e-05
8.27004000e+01	1.01356000e-04
8.27504000e+01	1.35474000e-04
8.28004000e+01	1.68261000e-04
8.28504000e+01	1.99553000e-04
8.29004000e+01	2.29193000e-04
8.29504000e+01	2.57039000e-04
8.30005000e+01	2.82958000e-04
8.30505000e+01	3.06832000e-04
8.31005000e+01	3.28546000e-04
8.31505000e+01	3.47995000e-04
8.32005000e+01	3.65088000e-04
8.32505000e+01	3.79734000e-04
8.33005000e+01	3.91860000e-04
8.33505000e+01	4.01396000e-04
8.34005000e+01	4.08288000e-04
8.34505000e+01	4.12487000e-04
8.35006000e+01	4.13962000e-04
8.35506000e+01	4.12689000e-04
8.36006000e+01	4.08663000e-04
8.36506000e+01	4.01888000e-04
8.37006000e+01	3.92387000e-04
8.37506000e+01	3.80197000e-04
8.38006000e+01	3.65368000e-04
8.38506000e+01	3.47970000e-04
8.39006000e+01	3.28084000e-04
8.39506000e+01	3.05816000e-04
8.40006000e+01	2.81276000e-04
8.40507000e+01	2.54604000e-04
8.41007000e+01	2.25944000e-04
8.41507000e+01	1.95464000e-04
8.42007000e+01	1.63346000e-04
8.42507000e+01	1.29785000e-04
8.43007000e+01	9.49942000e-05
8.43507000e+01	5.92018000e-05
8.44000000e+01	2.32019000e-05
8.44500000e+01	-1.38589000e-05
8.45000000e+01	-5.11709000e-05
8.45507000e+01	-8.90230000e-05
8.46008000e+01	-1.26001000e-04
8.46500000e+01	-1.61836000e-04
8.47000000e+01	-1.97343000e-04
8.47500000e+01	-2.31667000e-04
8.48008000e+01	-2.65004000e-04
8.48508000e+01	-2.96063000e-04
8.49001000e+01	-3.24645000e-04
8.49501000e+01	-3.51361000e-04
8.50001000e+01	-3.75487000e-04
8.50501000e+01	-3.96783000e-04
8.51001000e+01	-4.15019000e-04
8.51501000e+01	-4.29989000e-04
8.52001000e+01	-4.41516000e-04
8.52501000e+01	-4.49449000e-04
8.53001000e+01	-4.53668000e-04
8.53501000e+01	-4.54085000e-04
8.54001000e+01	-4.50652000e-04
8.54502000e+01	-4.43351000e-04
8.55002000e+01	-4.32206000e-04
8.55502000e+01	-4.17275000e-04
8.56002000e+01	-3.98656000e-04
8.56502000e+01	-3.76483000e-04
8.57002000e+01	-3.50926000e-04
8.57502000e+01	-3.22186000e-04
8.58002000e+01	-2.90502000e-04
8.58502000e+01	-2.56140000e-04
8.59002000e+01	-2.19393000e-04
8.59503000e+01	-1.80582000e-04
8.60003000e+01	-1.40045000e-04
8.60503000e+01	-9.81450000e-05
8.61003000e+01	-5.52557000e-05
8.61503000e+01	-1.17653000e-05
8.62003000e+01	3.19320000e-05
8.62503000e+01	7.54366000e-05
8.63003000e+01	1.18353000e-04
8.63503000e+01	1.60280000e-04
8.64003000e+01	2.00834000e-04
8.64503000e+01	2.39640000e-04
8.65004000e+01	2.76338000e-04
8.65504000e+01	3.10586000e-04
8.66004000e+01	3.42070000e-04
8.66504000e+01	3.70497000e-04
8.67004000e+01	3.95602000e-04
8.67504000e+01	4.17160000e-04
8.68004000e+01	4.34968000e-04
8.68504000e+01	4.48873000e-04
8.69004000e+01	4.58751000e-04
8.69504000e+01	4.64517000e-04
8.70005000e+01	4.66132000e-04
8.70505000e+01	4.63592000e-04
8.71005000e+01	4.56938000e-04
8.71505000e+01	4.46248000e-04
8.72005000e+01	4.31637000e-04
8.72505000e+01	4.13264000e-04
8.73005000e+01	3.91321000e-04
8.73505000e+01	3.66029000e-04
8.74005000e+01	3.37643000e-04
8.74505000e+01	3.06444000e-04
8.75005000e+01	2.72739000e-04
8.75506000e+01	2.36853000e-04
8.76006000e+01	1.99126000e-04
8.76506000e+01	1.59915000e-04
8.77006000e+01	1.19584000e-04
8.77506000e+01	7.84996000e-05
8.78006000e+01	3.70357000e-05
8.78506000e+01	-4.43636000e-06
8.79006000e+01	-4.55540000e-05
8.79506000e+01	-8.59563000e-05
8.80006000e+01	-1.25298000e-04
8.80506000e+01	-1.63246000e-04
8.81007000e+01	-1.99484000e-04
8.81507000e+01	-2.33712000e-04
8.82007000e+01	-2.65653000e-04
8.82507000e+01	-2.95055000e-04
8.83007000e+01	-3.21690000e-04
8.83507000e+01	-3.45353000e-04
8.84000000e+01	-3.65588000e-04
8.84500000e+01	-3.82877000e-04
8.85000000e+01	-3.96770000e-04
8.85507000e+01	-4.07318000e-04
8.86007000e+01	-4.14156000e-04
8.86500000e+01	-4.17429000e-04
8.87000000e+01	-4.17248000e-04
8.87500000e+01	-4.13582000e-04
8.88008000e+01	-4.06370000e-04
8.88508000e+01	-3.95931000e-04
8.89001000e+01	-3.82542000e-04
8.89501000e+01	-3.65938000e-04
8.90001000e+01	-3.46481000e-04
8.90501000e+01	-3.24360000e-04
8.91001000e+01	-2.99797000e-04
8.91501000e+01	-2.73016000e-04
8.92001000e+01	-2.44265000e-04
8.92501000e+01	-2.13797000e-04
8.93001000e+01	-1.81878000e-04
8.93501000e+01	-1.48777000e-04
8.94001000e+01	-1.14773000e-04
8.94502000e+01	-8.01428000e-05
8.95002000e+01	-4.51654000e-05
8.95502000e+01	-1.01177000e-05
8.96002000e+01	2.47252000e-05
8.96502000e+01	5.90923000e-05
8.97002000e+01	9.27217000e-05
8.97502000e+01	1.25357000e-04
8.98002000e+01	1.56758000e-04
8.98502000e+01	1.86690000e-04
8.99002000e+01	2.14932000e-04
8.99502000e+01	2.41281000e-04
9.00003000e+01	2.65548000e-04
9.00503000e+01	2.87564000e-04
9.01003000e+01	3.07173000e-04
9.01503000e+01	3.24246000e-04
9.02003000e+01	3.38668000e-04
9.02503000e+01	3.50351000e-04
9.03003000e+01	3.59225000e-04
9.03503000e+01	3.65242000e-04
9.04003000e+01	3.68378000e-04
9.04503000e+01	3.68629000e-04
9.05004000e+01	3.66013000e-04
9.05504000e+01	3.60565000e-04
9.06004000e+01	3.52346000e-04
9.06504000e+01	3.41430000e-04
9.07004000e+01	3.27916000e-04
9.07504000e+01	3.11915000e-04
9.08004000e+01	2.93554000e-04
9.08504000e+01	2.72981000e-04
9.09004000e+01	2.50357000e-04
9.09504000e+01	2.25853000e-04
9.10004000e+01	1.99659000e-04
9.10505000e+01	1.71973000e-04
9.11005000e+01	1.43005000e-04
9.11505000e+01	1.12975000e-04
9.12005000e+01	8.21105000e-05
9.12505000e+01	5.06466000e-05
9.13005000e+01	1.88228000e-05
9.13505000e+01	-1.31172000e-05
9.14005000e+01	-4.49313000e-05
9.14505000e+01	-7.63708000e-05
9.15005000e+01	-1.07198000e-04
9.15505000e+01	-1.37171000e-04
9.16006000e+01	-1.66058000e-04
9.16506000e+01	-1.93632000e-04
9.17006000e+01	-2.19682000e-04
9.17506000e+01	-2.44000000e-04
9.18006000e+01	-2.66393000e-04
9.18506000e+01	-2.86685000e-04
9.19006000e+01	-3.04710000e-04
9.19506000e+01	-3.20323000e-04
9.20006000e+01	-3.33396000e-04
9.20506000e+01	-3.43816000e-04
9.21006000e+01	-3.51496000e-04
9.21507000e+01	-3.56363000e-04
9.22007000e+01	-3.58371000e-04
9.22507000e+01	-3.57490000e-04
9.23007000e+01	-3.53717000e-04
9.23507000e+01	-3.47069000e-04
9.24000000e+01	-3.37753000e-04
9.24500000e+01	-3.25542000e-04
9.25000000e+01	-3.10648000e-04
9.25507000e+01	-2.92891000e-04
9.26007000e+01	-2.72935000e-04
9.26500000e+01	-2.51039000e-04
9.27000000e+01	-2.26698000e-04
9.27500000e+01	-2.00422000e-04
9.28008000e+01	-1.71984000e-04
9.28508000e+01	-1.42457000e-04
9.29000000e+01	-1.12147000e-04
9.29501000e+01	-8.03626000e-05
9.30001000e+01	-4.78272000e-05
9.30501000e+01	-1.48097000e-05
9.31001000e+01	1.84174000e-05
9.31501000e+01	5.15748000e-05
9.32001000e+01	8.43844000e-05
9.32501000e+01	1.16567000e-04
9.33001000e+01	1.47852000e-04
9.33501000e+01	1.77971000e-04
9.34001000e+01	2.06666000e-04
9.34501000e+01	2.33690000e-04
9.35002000e+01	2.58808000e-04
9.35502000e+01	2.81799000e-04
9.36002000e+01	3.02462000e-04
9.36502000e+01	3.20614000e-04
9.37002000e+01	3.36088000e-04
9.37502000e+01	3.48742000e-04
9.38002000e+01	3.58459000e-04
9.38502000e+01	3.65142000e-04
9.39002000e+01	3.68720000e-04
9.39502000e+01	3.69153000e-04
9.40002000e+01	3.66423000e-04
9.40503000e+01	3.60542000e-04
9.41003000e+01	3.51543000e-04
9.41503000e+01	3.39498000e-04
9.42003000e+01	3.24495000e-04
9.42503000e+01	3.06653000e-04
9.43003000e+01	2.86116000e-04
9.43503000e+01	2.63054000e-04
9.44003000e+01	2.37657000e-04
9.44503000e+01	2.10138000e-04
9.45003000e+01	1.80726000e-04
9.45504000e+01	1.49676000e-04
9.46004000e+01	1.17252000e-04
9.46504000e+01	8.37329000e-05
9.47004000e+01	4.94095000e-05
9.47504000e+01	1.45819000e-05
9.48004000e+01	-2.04449000e-05
9.48504000e+01	-5.53617000e-05
9.49004000e+01	-8.98588000e-05
9.49504000e+01	-1.23626000e-04
9.50004000e+01	-1.56364000e-04
9.50504000e+01	-1.87774000e-04
9.51005000e+01	-2.17573000e-04
9.51505000e+01	-2.45491000e-04
9.52005000e+01	-2.71270000e-04
9.52505000e+01	-2.94674000e-04
9.53005000e+01	-3.15489000e-04
9.53505000e+01	-3.33518000e-04
9.54005000e+01	-3.48598000e-04
9.54505000e+01	-3.60584000e-04
9.55005000e+01	-3.69361000e-04
9.55505000e+01	-3.74845000e-04
9.56005000e+01	-3.76980000e-04
9.56506000e+01	-3.75744000e-04
9.57006000e+01	-3.71137000e-04
9.57506000e+01	-3.63200000e-04
9.58006000e+01	-3.51994000e-04
9.58506000e+01	-3.37620000e-04
9.59006000e+01	-3.20199000e-04
9.59506000e+01	-2.99886000e-04
9.60006000e+01	-2.76859000e-04
9.60506000e+01	-2.51326000e-04
9.61006000e+01	-2.23515000e-04
9.61507000e+01	-1.93676000e-04
9.62007000e+01	-1.62079000e-04
9.62507000e+01	-1.29014000e-04
9.63007000e+01	-9.47833000e-05
9.63507000e+01	-5.97001000e-05
9.64007000e+01	-2.40862000e-05
9.64500000e+01	1.11827000e-05
9.65000000e+01	4.68668000e-05
9.65507000e+01	8.26198000e-05
9.66007000e+01	1.17044000e-04
9.66500000e+01	1.49860000e-04
9.67000000e+01	1.81772000e-04
9.67500000e+01	2.11969000e-04
9.68008000e+01	2.40579000e-04
9.68508000e+01	2.66488000e-04
9.69000000e+01	2.89560000e-04
9.69500000e+01	3.10296000e-04
9.70001000e+01	3.28133000e-04
9.70501000e+01	3.42910000e-04
9.71001000e+01	3.54496000e-04
9.71501000e+01	3.62794000e-04
9.72001000e+01	3.67733000e-04
9.72501000e+01	3.69280000e-04
9.73001000e+01	3.67431000e-04
9.73501000e+01	3.62217000e-04
9.74001000e+01	3.53696000e-04
9.74501000e+01	3.41960000e-04
9.75001000e+01	3.27134000e-04
9.75502000e+01	3.09367000e-04
9.76002000e+01	2.88837000e-04
9.76502000e+01	2.65747000e-04
9.77002000e+01	2.40325000e-04
9.77502000e+01	2.12820000e-04
9.78002000e+01	1.83498000e-04
9.78502000e+01	1.52645000e-04
9.79002000e+01	1.20556000e-04
9.79502000e+01	8.75421000e-05
9.80002000e+01	5.39139000e-05
9.80503000e+01	1.99965000e-05
9.81003000e+01	-1.38919000e-05
9.81503000e+01	-4.74325000e-05
9.82003000e+01	-8.03152000e-05
9.82503000e+01	-1.12233000e-04
9.83003000e+01	-1.42894000e-04
9.83503000e+01	-1.72024000e-04
9.84003000e+01	-1.99359000e-04
9.84503000e+01	-2.24662000e-04
9.85003000e+01	-2.47716000e-04
9.85504000e+01	-2.68325000e-04
9.86004000e+01	-2.86324000e-04
9.86504000e+01	-3.01569000e-04
9.87004000e+01	-3.13948000e-04
9.87504000e+01	-3.23375000e-04
9.88004000e+01	-3.29797000e-04
9.88504000e+01	-3.33184000e-04
9.89004000e+01	-3.33539000e-04
9.89504000e+01	-3.30894000e-04
9.90004000e+01	-3.25303000e-04
9.90504000e+01	-3.16852000e-04
9.91005000e+01	-3.05652000e-04
9.91505000e+01	-2.91837000e-04
9.92005000e+01	-2.75559000e-04
9.92505000e+01	-2.56997000e-04
9.93005000e+01	-2.36349000e-04
9.93505000e+01	-2.13824000e-04
9.94005000e+01	-1.89649000e-04
9.94505000e+01	-1.64062000e-04
9.95005000e+01	-1.37311000e-04
9.95505000e+01	-1.09651000e-04
9.96005000e+01	-8.13401000e-05
9.96506000e+01	-5.26408000e-05
9.97006000e+01	-2.38149000e-05
9.97506000e+01	4.88421000e-06
9.98006000e+01	3.32021000e-05
9.98506000e+01	6.08968000e-05
9.99006000e+01	8.77323000e-05
9.99506000e+01	1.13486000e-04
1.00001000e+02	1.37956000e-04
1.00051000e+02	1.60943000e-04
1.00101000e+02	1.82277000e-04
1.00150000e+02	2.01516000e-04
1.00200000e+02	2.19118000e-04
1.00250000e+02	2.34652000e-04
1.00301000e+02	2.48206000e-04
1.00351000e+02	2.59298000e-04
1.00400000e+02	2.67976000e-04
1.00450000e+02	2.74466000e-04
1.00500000e+02	2.78608000e-04
1.00551000e+02	2.80408000e-04
1.00601000e+02	2.79840000e-04
1.00650000e+02	2.77049000e-04
1.00700000e+02	2.72006000e-04
1.00750000e+02	2.64815000e-04
1.00801000e+02	2.55412000e-04
1.00851000e+02	2.44184000e-04
1.00900000e+02	2.31340000e-04
1.00950000e+02	2.16611000e-04
1.01000000e+02	2.00326000e-04
1.01051000e+02	1.82356000e-04
1.01101000e+02	1.63401000e-04
1.01150000e+02	1.43683000e-04
1.01200000e+02	1.22759000e-04
1.01250000e+02	1.01102000e-04
1.01301000e+02	7.85467000e-05
1.01351000e+02	5.59496000e-05
1.01400000e+02	3.34967000e-05
1.01450000e+02	1.06706000e-05
1.01500000e+02	-1.20154000e-05
1.01551000e+02	-3.47277000e-05
1.01601000e+02	-5.66268000e-05
1.01650000e+02	-7.75835000e-05
1.01700000e+02	-9.80955000e-05
1.01750000e+02	-1.17697000e-04
1.01801000e+02	-1.36530000e-04
1.01851000e+02	-1.53911000e-04
1.01900000e+02	-1.69782000e-04
1.01950000e+02	-1.84530000e-04
1.02000000e+02	-1.97816000e-04
1.02051000e+02	-2.09720000e-04
1.02101000e+02	-2.19819000e-04
1.02150000e+02	-2.28014000e-04
1.02200000e+02	-2.34771000e-04
1.02250000e+02	-2.39773000e-04
1.02301000e+02	-2.43064000e-04
1.02351000e+02	-2.44436000e-04
1.02400000e+02	-2.44050000e-04
1.02450000e+02	-2.41888000e-04
1.02500000e+02	-2.37955000e-04
1.02551000e+02	-2.32082000e-04
1.02601000e+02	-2.24655000e-04
1.02650000e+02	-2.15877000e-04
1.02700000e+02	-2.05261000e-04
1.02750000e+02	-1.93126000e-04
1.02801000e+02	-1.79123000e-04
1.02851000e+02	-1.64169000e-04
1.02900000e+02	-1.48480000e-04
1.02950000e+02	-1.31185000e-04
1.03000000e+02	-1.12870000e-04
1.03051000e+02	-9.30692000e-05
1.03101000e+02	-7.30820000e-05
1.03150000e+02	-5.31067000e-05
1.03200000e+02	-3.20394000e-05
1.03250000e+02	-1.06409000e-05
1.03301000e+02	1.15926000e-05
1.03351000e+02	3.31933000e-05
1.03400000e+02	5.40123000e-05
1.03450000e+02	7.51965000e-05
1.03500000e+02	9.59386000e-05
1.03551000e+02	1.16381000e-04
1.03601000e+02	1.35759000e-04
1.03650000e+02	1.53964000e-04
1.03700000e+02	1.71410000e-04
1.03750000e+02	1.87668000e-04
1.03801000e+02	2.02822000e-04
1.03851000e+02	2.16294000e-04
1.03900000e+02	2.28027000e-04
1.03950000e+02	2.38281000e-04
1.04000000e+02	2.46760000e-04
1.04051000e+02	2.53462000e-04
1.04101000e+02	2.58111000e-04
1.04150000e+02	2.60732000e-04
1.04200000e+02	2.61360000e-04
1.04250000e+02	2.59901000e-04
1.04301000e+02	2.56271000e-04
1.04351000e+02	2.50576000e-04
1.04400000e+02	2.42923000e-04
1.04450000e+02	2.33112000e-04
1.04500000e+02	2.21293000e-04
1.04551000e+02	2.07313000e-04
1.04601000e+02	1.91676000e-04
1.04650000e+02	1.74564000e-04
1.04700000e+02	1.55573000e-04
1.04750000e+02	1.35088000e-04
1.04801000e+02	1.12916000e-04
1.04851000e+02	8.98920000e-05
1.04900000e+02	6.62407000e-05
1.04950000e+02	4.14231000e-05
1.05000000e+02	1.59938000e-05
1.05051000e+02	-1.02281000e-05
1.05101000e+02	-3.62449000e-05
1.05150000e+02	-6.18311000e-05
1.05200000e+02	-8.75565000e-05
1.05250000e+02	-1.12798000e-04
1.05301000e+02	-1.37701000e-04
1.05351000e+02	-1.61294000e-04
1.05400000e+02	-1.83412000e-04
1.05450000e+02	-2.04526000e-04
1.05500000e+02	-2.24084000e-04
1.05551000e+02	-2.42150000e-04
1.05601000e+02	-2.58005000e-04
1.05650000e+02	-2.71577000e-04
1.05700000e+02	-2.83131000e-04
1.05750000e+02	-2.92319000e-04
1.05801000e+02	-2.99108000e-04
1.05851000e+02	-3.03201000e-04
1.05900000e+02	-3.04652000e-04
1.05950000e+02	-3.03458000e-04
1.06000000e+02	-2.99559000e-04
1.06051000e+02	-2.92834000e-04
1.06101000e+02	-2.83516000e-04
1.06150000e+02	-2.71977000e-04
1.06200000e+02	-2.57572000e-04
1.06250000e+02	-2.40727000e-04
1.06301000e+02	-2.20953000e-04
1.06351000e+02	-1.99569000e-04
1.06400000e+02	-1.76934000e-04
1.06450000e+02	-1.51825000e-04
1.06500000e+02	-1.25129000e-04
1.06551000e+02	-9.62085000e-05
1.06601000e+02	-6.70159000e-05
1.06650000e+02	-3.78967000e-05
1.06700000e+02	-7.29325000e-06
1.06750000e+02	2.36179000e-05
1.06801000e+02	5.54899000e-05
1.06851000e+02	8.61576000e-05
1.06900000e+02	1.15366000e-04
1.06950000e+02	1.44668000e-04
1.07000000e+02	1.72861000e-04
1.07051000e+02	2.00461000e-04
1.07101000e+02	2.25576000e-04
1.07150000e+02	2.48123000e-04
1.07200000e+02	2.69283000e-04
1.07250000e+02	2.88106000e-04
1.07301000e+02	3.04852000e-04
1.07351000e+02	3.18362000e-04
1.07400000e+02	3.28740000e-04
1.07450000e+02	3.36518000e-04
1.07500000e+02	3.41232000e-04
1.07551000e+02	3.42823000e-04
1.07601000e+02	3.41202000e-04
1.07650000e+02	3.36510000e-04
1.07700000e+02	3.28626000e-04
1.07750000e+02	3.17655000e-04
1.07801000e+02	3.03445000e-04
1.07851000e+02	2.86536000e-04
1.07900000e+02	2.67201000e-04
1.07950000e+02	2.45009000e-04
1.08000000e+02	2.20432000e-04
1.08051000e+02	1.93269000e-04
1.08101000e+02	1.64574000e-04
1.08150000e+02	1.34689000e-04
1.08200000e+02	1.02967000e-04
1.08250000e+02	7.01499000e-05
1.08301000e+02	3.60247000e-05
1.08351000e+02	1.93203000e-06
1.08400000e+02	-3.17961000e-05
1.08450000e+02	-6.58820000e-05
1.08500000e+02	-9.94804000e-05
1.08551000e+02	-1.32762000e-04
1.08601000e+02	-1.64417000e-04
1.08650000e+02	-1.94198000e-04
1.08700000e+02	-2.22733000e-04
1.08750000e+02	-2.49278000e-04
1.08801000e+02	-2.73923000e-04
1.08851000e+02	-2.95692000e-04
1.08900000e+02	-3.14488000e-04
1.08950000e+02	-3.30702000e-04
1.09000000e+02	-3.43865000e-04
1.09051000e+02	-3.53969000e-04
1.09101000e+02	-3.60608000e-04
1.09150000e+02	-3.63860000e-04
1.09200000e+02	-3.63788000e-04
1.09250000e+02	-3.60311000e-04
1.09301000e+02	-3.53323000e-04
1.09351000e+02	-3.43090000e-04
1.09400000e+02	-3.29855000e-04
1.09450000e+02	-3.13326000e-04
1.09500000e+02	-2.93837000e-04
1.09551000e+02	-2.71206000e-04
1.09601000e+02	-2.46320000e-04
1.09650000e+02	-2.19520000e-04
1.09700000e+02	-1.90234000e-04
1.09750000e+02	-1.59127000e-04
1.09801000e+02	-1.25990000e-04
1.09851000e+02	-9.21201000e-05
1.09900000e+02	-5.78868000e-05
1.09950000e+02	-2.25571000e-05
1.10000000e+02	1.30153000e-05
1.10051000e+02	4.90275000e-05
1.10101000e+02	8.40659000e-05
1.10150000e+02	1.17316000e-04
1.10200000e+02	1.50540000e-04
1.10250000e+02	1.82370000e-04
1.10301000e+02	2.13389000e-04
1.10351000e+02	2.41482000e-04
1.10400000e+02	2.66575000e-04
1.10450000e+02	2.89997000e-04
1.10500000e+02	3.10709000e-04
1.10551000e+02	3.29009000e-04
1.10601000e+02	3.43646000e-04
1.10650000e+02	3.54768000e-04
1.10700000e+02	3.62968000e-04
1.10750000e+02	3.67771000e-04
1.10801000e+02	3.69121000e-04
1.10851000e+02	3.66926000e-04
1.10900000e+02	3.61521000e-04
1.10950000e+02	3.52620000e-04
1.11000000e+02	3.40425000e-04
1.11051000e+02	3.24542000e-04
1.11101000e+02	3.06055000e-04
1.11150000e+02	2.85408000e-04
1.11200000e+02	2.61506000e-04
1.11250000e+02	2.35180000e-04
1.11301000e+02	2.05788000e-04
1.11351000e+02	1.75334000e-04
1.11400000e+02	1.44266000e-04
1.11450000e+02	1.10942000e-04
1.11500000e+02	7.66224000e-05
1.11551000e+02	4.10986000e-05
1.11601000e+02	5.76594000e-06
1.11650000e+02	-2.90342000e-05
1.11700000e+02	-6.40455000e-05
1.11750000e+02	-9.84012000e-05
1.11801000e+02	-1.32278000e-04
1.11851000e+02	-1.64345000e-04
1.11900000e+02	-1.94373000e-04
1.11950000e+02	-2.23002000e-04
1.12000000e+02	-2.49494000e-04
1.12051000e+02	-2.73947000e-04
1.12101000e+02	-2.95410000e-04
1.12150000e+02	-3.13808000e-04
1.12200000e+02	-3.29539000e-04
1.12250000e+02	-3.42157000e-04
1.12301000e+02	-3.51667000e-04
1.12351000e+02	-3.57702000e-04
1.12400000e+02	-3.60365000e-04
1.12450000e+02	-3.59720000e-04
1.12500000e+02	-3.55715000e-04
1.12551000e+02	-3.48258000e-04
1.12601000e+02	-3.37651000e-04
1.12650000e+02	-3.24145000e-04
1.12700000e+02	-3.07458000e-04
1.12750000e+02	-2.87946000e-04
1.12801000e+02	-2.65438000e-04
1.12851000e+02	-2.40829000e-04
1.12900000e+02	-2.14462000e-04
1.12950000e+02	-1.85778000e-04
1.13000000e+02	-1.55444000e-04
1.13051000e+02	-1.23263000e-04
1.13101000e+02	-9.05001000e-05
1.13150000e+02	-5.75082000e-05
1.13200000e+02	-2.35865000e-05
1.13250000e+02	1.04435000e-05
1.13301000e+02	4.47691000e-05
1.13351000e+02	7.80437000e-05
1.13400000e+02	1.09992000e-04
1.13450000e+02	1.41294000e-04
1.13500000e+02	1.71163000e-04
1.13551000e+02	1.99737000e-04
1.13601000e+02	2.25898000e-04
1.13650000e+02	2.49507000e-04
1.13700000e+02	2.71075000e-04
1.13750000e+02	2.90023000e-04
1.13801000e+02	3.06413000e-04
1.13851000e+02	3.19608000e-04
1.13900000e+02	3.29633000e-04
1.13950000e+02	3.36711000e-04
1.14000000e+02	3.40614000e-04
1.14051000e+02	3.41303000e-04
1.14101000e+02	3.38766000e-04
1.14150000e+02	3.33181000e-04
1.14200000e+02	3.24600000e-04
1.14250000e+02	3.12917000e-04
1.14301000e+02	2.97876000e-04
1.14351000e+02	2.80520000e-04
1.14400000e+02	2.61261000e-04